#K-Path     Band-1    Band-2    Band-3    Band-4      ...     Band-n
  0.0000  -61.0515  -35.2164  -35.0082  -35.0082  -14.2928  -12.9894   -5.8184   -2.8173   -2.8173   -1.9789   -1.7094   -1.7094   -0.2126    2.5539    2.5539    2.7958    2.7958    5.0574    5.6238    6.0198    7.1229    8.8770    9.3100   10.7505
  0.0600  -61.0512  -35.2161  -35.0111  -35.0087  -14.2825  -12.9852   -5.8064   -2.8417   -2.8066   -2.0728   -1.7269   -1.6311   -0.2168    2.5356    2.5721    2.7647    2.7846    5.0772    5.6373    6.0666    7.1391    8.9270    9.3216   10.6778
  0.1199  -61.0505  -35.2146  -35.0192  -35.0109  -14.2517  -12.9726   -5.7708   -2.9122   -2.7743   -2.2452   -1.7783   -1.5053   -0.2312    2.4889    2.6267    2.6753    2.7493    5.1328    5.6775    6.2027    7.1877    9.0706    9.3568   10.5223
  0.1799  -61.0493  -35.2122  -35.0321  -35.0138  -14.2009  -12.9518   -5.7130   -3.0240   -2.7213   -2.4369   -1.8578   -1.3941   -0.2588    2.4302    2.5459    2.6929    2.7139    5.2170    5.7439    6.4147    7.2703    9.2861    9.4215   10.3372
  0.2399  -61.0476  -35.2083  -35.0491  -35.0179  -14.1310  -12.9231   -5.6353   -3.1676   -2.6488   -2.6363   -1.9608   -1.3151   -0.3030    2.3776    2.3988    2.6203    2.8265    5.3241    5.8358    6.6795    7.3941    9.4538    9.6016   10.1457
  0.2998  -61.0456  -35.2043  -35.0705  -35.0230  -14.0430  -12.8871   -5.5426   -3.3344   -2.8406   -2.5582   -2.0814   -1.2761   -0.3701    2.2528    2.3490    2.5356    2.9560    5.4513    5.9519    6.9581    7.5744    9.5391    9.8651    9.9510
  0.3598  -61.0432  -35.2002  -35.0950  -35.0287  -13.9384  -12.8443   -5.4410   -3.5117   -3.0472   -2.4516   -2.2128   -1.2801   -0.4630    2.1273    2.3583    2.4441    3.0951    5.5980    6.0909    7.2063    7.8288    9.5956    9.7660   10.0459
  0.4198  -61.0406  -35.1950  -35.1225  -35.0351  -13.8189  -12.7955   -5.3399   -3.6879   -3.2548   -2.3497   -2.3320   -1.3224   -0.5808    2.0346    2.3515    2.4101    3.2368    5.7634    6.2513    7.4076    8.1408    9.5605    9.5944   10.1106
  0.4797  -61.0377  -35.1890  -35.1519  -35.0419  -13.6868  -12.7417   -5.2533   -3.8471   -3.4627   -2.4878   -2.2017   -1.3946   -0.7170    1.9797    2.2628    2.5025    3.3760    5.9467    6.4308    7.5771    8.4413    9.3859    9.4501   10.1847
  0.5397  -61.0346  -35.1827  -35.1820  -35.0487  -13.5445  -12.6840   -5.2005   -3.9734   -3.6696   -2.6228   -2.0649   -1.4856   -0.8594    1.9626    2.1823    2.6283    3.5073    6.1464    6.6260    7.7279    8.6217    9.1390    9.3808   10.2967
  0.5997  -61.0315  -35.2126  -35.1765  -35.0560  -13.3950  -12.6238   -5.2001   -4.0539   -3.8728   -2.7522   -1.9264   -1.5851   -0.9916    1.9779    2.1132    2.7743    3.6268    6.3594    6.8316    7.8604    8.5815    8.8883    9.4442   10.4142
  0.6596  -61.0285  -35.2424  -35.1702  -35.0630  -13.2419  -12.5625   -5.2565   -4.0900   -4.0699   -2.8728   -1.7899   -1.6839   -1.0963    2.0196    2.0588    2.9314    3.7344    6.5810    7.0398    7.9474    8.4078    8.6700    9.5814   10.5047
  0.7196  -61.0257  -35.2712  -35.1646  -35.0700  -13.0889  -12.5018   -5.3561   -4.2584   -4.1023   -2.9836   -1.7764   -1.6599   -1.1592    2.0196    2.0808    3.0887    3.8258    6.8011    7.2378    7.8553    8.3386    8.5094    9.7329   10.5396
  0.7796  -61.0231  -35.2977  -35.1596  -35.0764  -12.9405  -12.4436   -5.4779   -4.4331   -4.1133   -3.0825   -1.8589   -1.5406   -1.1727    1.9968    2.1559    3.2370    3.9030    6.9888    7.4056    7.5926    8.4262    8.4479    9.8805   10.5087
  0.8395  -61.0207  -35.3212  -35.1548  -35.0820  -12.8016  -12.3898   -5.6042   -4.5897   -4.1347   -3.1676   -1.9285   -1.4356   -1.1392    1.9890    2.2392    3.3689    3.9666    6.9890    7.4604    7.5266    8.4348    8.6255   10.0074   10.4296
  0.8995  -61.0185  -35.3410  -35.1504  -35.0865  -12.6775  -12.3422   -5.7229   -4.7245   -4.1676   -3.2382   -1.9846   -1.3476   -1.0714    1.9932    2.3253    3.4802    4.0170    6.7250    7.5841    7.6030    8.5174    8.8436   10.0827   10.3340
  0.9595  -61.0169  -35.3577  -35.1469  -35.0904  -12.5737  -12.3030   -5.8249   -4.8343   -4.2054   -3.2941   -2.0277   -1.2788   -0.9885    2.0042    2.4067    3.5645    4.0546    6.4321    7.6550    7.7514    8.6262    9.0874   10.0946   10.2517
  1.0194  -61.0157  -35.3695  -35.1448  -35.0933  -12.4951  -12.2736   -5.9027   -4.9151   -4.2399   -3.3346   -2.0582   -1.2295   -0.9106    2.0175    2.4759    3.6235    4.0802    6.1901    7.6986    7.8997    8.7177    9.3170   10.0973   10.2066
  1.0794  -61.0150  -35.3771  -35.1432  -35.0952  -12.4460  -12.2554   -5.9518   -4.9648   -4.2635   -3.3594   -2.0762   -1.2000   -0.8558    2.0273    2.5232    3.6576    4.0953    6.0305    7.7320    8.0031    8.7694    9.4565   10.1954   10.1970
  1.1394  -61.0146  -35.3791  -35.1426  -35.0954  -12.4293  -12.2492   -5.9680   -4.9814   -4.2716   -3.3675   -2.0818   -1.1892   -0.8355    2.0313    2.5406    3.6699    4.1005    5.9760    7.7454    8.0429    8.7855    9.4921   10.1992   10.3196
  1.1394  -61.0146  -35.3791  -35.1426  -35.0954  -12.4293  -12.2492   -5.9680   -4.9814   -4.2716   -3.3675   -2.0818   -1.1892   -0.8355    2.0313    2.5406    3.6699    4.1005    5.9760    7.7454    8.0429    8.7855    9.4921   10.1992   10.3196
  1.1740  -61.0146  -35.3787  -35.1425  -35.0965  -12.4278  -12.2482   -5.9634   -4.9851   -4.2702   -3.3684   -2.0808   -1.2240   -0.8179    2.0330    2.5421    3.6761    4.0863    5.9809    7.7691    8.0571    8.7880    9.4971   10.2025   10.3221
  1.2086  -61.0145  -35.3777  -35.1421  -35.0985  -12.4232  -12.2454   -5.9498   -4.9960   -4.2652   -3.3706   -2.0777   -1.3101   -0.7782    2.0377    2.5472    3.6943    4.0461    5.9976    7.8390    8.1004    8.7954    9.5162   10.2126   10.3286
  1.2432  -61.0143  -35.3761  -35.1418  -35.1015  -12.4158  -12.2408   -5.9274   -5.0141   -4.2573   -3.3732   -2.0737   -1.4289   -0.7341    2.0436    2.5568    3.7217    3.9850    6.0252    7.9520    8.1712    8.8076    9.5481   10.2291   10.3337
  1.2779  -61.0142  -35.3737  -35.1416  -35.1068  -12.4055  -12.2344   -5.8960   -5.0392   -4.2469   -3.3765   -2.0693   -1.5713   -0.6939    2.0467    2.5730    3.7495    3.9159    6.0609    8.0997    8.2669    8.8247    9.5871   10.2519   10.3162
  1.3125  -61.0139  -35.3705  -35.1408  -35.1126  -12.3926  -12.2264   -5.8558   -5.0709   -4.2336   -3.3776   -2.0653   -1.7295   -0.6584    2.0445    2.5980    3.7366    3.8873    6.1052    8.2840    8.3857    8.8481    9.6263   10.2404   10.2811
  1.3471  -61.0137  -35.3671  -35.1404  -35.1200  -12.3774  -12.2171   -5.8074   -5.1087   -4.2182   -3.3759   -2.0644   -1.9010   -0.6276    2.0333    2.6330    3.6564    3.9265    6.1553    8.4889    8.5208    8.8757    9.6370   10.1437   10.3164
  1.3817  -61.0133  -35.3627  -35.1398  -35.1281  -12.3601  -12.2064   -5.7508   -5.1515   -4.2010   -3.3700   -2.0825   -2.0669   -0.5992    2.0125    2.6783    3.5553    3.9916    6.2122    8.6663    8.7145    8.9136    9.5701   10.1159   10.3577
  1.4163  -61.0129  -35.3578  -35.1390  -35.1370  -12.3411  -12.1948   -5.6864   -5.1983   -4.1825   -3.3594   -2.2711   -2.0738   -0.5715    1.9815    2.7332    3.4515    4.0664    6.2748    8.8111    8.9020    9.0077    9.4272   10.1843   10.4049
  1.4510  -61.0125  -35.3520  -35.1473  -35.1383  -12.3207  -12.1825   -5.6145   -5.2481   -4.1637   -3.3442   -2.4641   -2.0859   -0.5435    1.9407    2.7958    3.3508    4.1455    6.3420    8.9173    8.9673    9.2381    9.2800   10.3032   10.4576
  1.4856  -61.0121  -35.3460  -35.1581  -35.1375  -12.2995  -12.1697   -5.5362   -5.2994   -4.1449   -3.3237   -2.6591   -2.1039   -0.5138    1.8913    2.8636    3.2564    4.2257    6.4131    8.8676    9.0166    9.2728    9.4976   10.4488   10.5158
  1.5202  -61.0117  -35.3395  -35.1694  -35.1368  -12.2780  -12.1569   -5.4517   -5.3508   -4.1271   -3.2982   -2.8529   -2.1276   -0.4812    1.8352    2.9346    3.1706    4.3047    6.4883    8.6866    9.0676    9.3892    9.7643   10.5795   10.6029
  1.5548  -61.0114  -35.3326  -35.1815  -35.1360  -12.2566  -12.1442   -5.4007   -5.3617   -4.1124   -3.2684   -3.0432   -2.1568   -0.4455    1.7743    3.0064    3.0949    4.3798    6.5667    8.4786    9.1216    9.5297   10.0314   10.6493   10.7512
  1.5895  -61.0110  -35.3253  -35.1935  -35.1349  -12.2360  -12.1321   -5.4478   -5.2673   -4.1011   -3.2355   -3.2243   -2.1902   -0.4068    1.7109    3.0301    3.0769    4.4490    6.6487    8.2706    9.1787    9.6727   10.2914   10.7276   10.8882
  1.6241  -61.0107  -35.3177  -35.2054  -35.1344  -12.2167  -12.1210   -5.4910   -5.1696   -4.0977   -3.3919   -3.2005   -2.2273   -0.3663    1.6474    2.9766    3.1438    4.5099    6.7326    8.0680    9.2362    9.8113   10.5296   10.8234   11.0143
  1.6587  -61.0105  -35.3102  -35.2170  -35.1340  -12.1995  -12.1112   -5.5286   -5.0709   -4.1068   -3.5377   -3.1651   -2.2658   -0.3260    1.5870    2.9344    3.2043    4.5610    6.8160    7.8800    9.2937    9.9421   10.7126   10.9609   11.1307
  1.6933  -61.0103  -35.3026  -35.2274  -35.1334  -12.1849  -12.1030   -5.5592   -4.9739   -4.1355   -3.6504   -3.1311   -2.3025   -0.2881    1.5334    2.9042    3.2563    4.6018    6.8995    7.7127    9.3479   10.0616   10.8251   11.1482   11.2352
  1.7279  -61.0102  -35.2958  -35.2368  -35.1333  -12.1736  -12.0968   -5.5823   -4.8854   -4.1853   -3.7223   -3.1025   -2.3342   -0.2568    1.4903    2.8832    3.2963    4.6307    6.9756    7.5708    9.3934   10.1614   10.8965   11.3183   11.3315
  1.7626  -61.0100  -35.2905  -35.2434  -35.1332  -12.1664  -12.0929   -5.5967   -4.8171   -4.2391   -3.7568   -3.0827   -2.3566   -0.2350    1.4622    2.8709    3.3222    4.6475    7.0351    7.4722    9.4241   10.2322   10.9406   11.3680   11.4701
  1.7972  -61.0100  -35.2885  -35.2461  -35.1332  -12.1639  -12.0915   -5.6018   -4.7904   -4.2640   -3.7659   -3.0756   -2.3648   -0.2273    1.4523    2.8672    3.3313    4.6530    7.0574    7.4353    9.4354   10.2586   10.9564   11.3823   11.5226
  1.7972  -61.0100  -35.2885  -35.2461  -35.1332  -12.1639  -12.0915   -5.6018   -4.7904   -4.2640   -3.7659   -3.0756   -2.3648   -0.2273    1.4523    2.8672    3.3313    4.6530    7.0574    7.4353    9.4354   10.2586   10.9564   11.3816   11.5191
  1.8664  -61.0101  -35.2946  -35.2373  -35.1330  -12.1752  -12.0973   -5.5806   -4.8808   -4.1699   -3.7408   -3.1051   -2.3296   -0.2609    1.4930    2.8789    3.2920    4.6337    7.0159    7.5385    9.3833   10.1433   10.8798   11.3231   11.4514
  1.9357  -61.0106  -35.3044  -35.2203  -35.1341  -12.2118  -12.1154   -5.5165   -5.0394   -4.0014   -3.6671   -3.1818   -2.2350   -0.3553    1.6039    2.9027    3.1735    4.5813    7.0027    7.7234    9.2245    9.8500   10.6345   11.0841   11.4126
  2.0049  -61.0117  -35.3115  -35.2010  -35.1366  -12.2762  -12.1460   -5.4079   -5.1776   -3.8809   -3.5150   -3.2779   -2.1051   -0.4876    1.7497    2.9215    2.9893    4.5109    7.0716    7.9234    8.9914    9.4928   10.3083   10.7552   11.3898
  2.0742  -61.0131  -35.3132  -35.1808  -35.1397  -12.3692  -12.1886   -5.2711   -5.2554   -3.8296   -3.3715   -3.2935   -1.9579   -0.6299    1.8886    2.7702    2.9216    4.4366    7.2123    8.0924    8.7179    9.1800    9.9927   10.4178   11.2810
  2.1434  -61.0150  -35.3097  -35.1608  -35.1436  -12.4891  -12.2418   -5.3153   -5.0623   -3.8211   -3.4490   -3.0481   -1.8063   -0.7617    1.9771    2.5594    2.8917    4.3673    7.3873    8.1289    8.4244    9.0371    9.7242   10.1214   11.0972
  2.2127  -61.0173  -35.3001  -35.1481  -35.1413  -12.6323  -12.3038   -5.3136   -4.8326   -3.8444   -3.5016   -2.8023   -1.6583   -0.8707    1.9711    2.4155    2.8293    4.3032    7.5041    8.0487    8.1220    9.0507    9.5250    9.9599   10.8974
  2.2819  -61.0202  -35.2851  -35.1540  -35.1227  -12.7941  -12.3724   -5.2742   -4.5734   -3.8948   -3.5229   -2.5705   -1.5211   -0.9522    1.8779    2.3521    2.7379    4.2333    7.3743    7.8171    8.1459    8.9581    9.4015   10.0455   10.7146
  2.3511  -61.0233  -35.2648  -35.1602  -35.1049  -12.9684  -12.4453   -5.2110   -4.2933   -3.9603   -3.5055   -2.3684   -1.3994   -1.0028    1.7811    2.3157    2.6312    4.1463    7.0959    7.5169    8.3877    8.7359    9.3564   10.1674   10.5635
  2.4204  -61.0266  -35.2396  -35.1668  -35.0881  -13.1492  -12.5202   -5.1469   -4.0176   -4.0069   -3.4401   -2.2197   -1.2972   -1.0121    1.7332    2.2806    2.5221    4.0320    6.7943    7.2265    8.4752    8.6524    9.3906   10.0156   10.4395
  2.4896  -61.0302  -35.2115  -35.1739  -35.0734  -13.3306  -12.5949   -5.1147   -4.0321   -3.7415   -3.3104   -2.1530   -1.2185   -0.9633    1.7446    2.2520    2.4212    3.8866    6.5022    6.9498    8.2145    8.8725    9.4891    9.6878   10.3286
  2.5589  -61.0338  -35.1810  -35.1809  -35.0602  -13.5073  -12.6674   -5.1403   -3.9743   -3.5215   -3.1004   -2.1733   -1.1656   -0.8536    1.8060    2.2461    2.3387    3.7125    6.2303    6.6913    7.9624    8.8978    9.4458    9.6279   10.2325
  2.6281  -61.0373  -35.1881  -35.1490  -35.0480  -13.6743  -12.7360   -5.2221   -3.8445   -3.3336   -2.8359   -2.2556   -1.1393   -0.7091    1.8998    2.2774    2.2832    3.5187    5.9827    6.4545    7.7184    8.5604    9.5159    9.7398   10.1931
  2.6974  -61.0407  -35.1947  -35.1177  -35.0379  -13.8275  -12.7988   -5.3369   -3.6666   -3.1480   -2.5636   -2.3686   -1.1422   -0.5622    2.0149    2.2603    2.3493    3.3152    5.7617    6.2427    7.4709    8.1338    9.6773    9.7242   10.2135
  2.7666  -61.0436  -35.2007  -35.0873  -35.0285  -13.9633  -12.8544   -5.4611   -3.4659   -2.9502   -2.4873   -2.3100   -1.1745   -0.4359    2.1520    2.2747    2.4508    3.1159    5.5683    6.0589    7.1920    7.7605    9.6304    9.8636   10.0833
  2.8358  -61.0464  -35.2061  -35.0615  -35.0213  -14.0786  -12.9016   -5.5788   -3.2671   -2.7407   -2.5982   -2.0942   -1.2395   -0.3409    2.3102    2.3216    2.5587    2.9311    5.4025    5.9052    6.8651    7.4944    9.5215    9.7785   10.0544
  2.9051  -61.0486  -35.2107  -35.0394  -35.0158  -14.1708  -12.9394   -5.6792   -3.0868   -2.6908   -2.5219   -1.9248   -1.3371   -0.2769    2.3917    2.4811    2.6565    2.7733    5.2646    5.7835    6.5352    7.3212    9.3894    9.4771   10.2608
  2.9743  -61.0502  -35.2139  -35.0227  -35.0118  -14.2381  -12.9670   -5.7552   -2.9427   -2.7603   -2.3018   -1.8047   -1.4649   -0.2382    2.4687    2.6389    2.6531    2.7327    5.1562    5.6953    6.2612    7.2094    9.1321    9.3728   10.4700
  3.0436  -61.0511  -35.2159  -35.0119  -35.0087  -14.2790  -12.9838   -5.8024   -2.8496   -2.8027   -2.0969   -1.7328   -1.6116   -0.2183    2.5299    2.5791    2.7544    2.7806    5.0836    5.6418    6.0821    7.1445    8.9438    9.3255   10.7123
  3.1128  -61.0515  -35.2164  -35.0082  -35.0082  -14.2928  -12.9894   -5.8184   -2.8173   -2.8173   -1.9789   -1.7094   -1.7094   -0.2126    2.5539    2.5539    2.7958    2.7958    5.0574    5.6238    6.0198    7.1229    8.8770    9.3100   10.7505
