      #Energy        TDOS
     -10.47000       0.00000
     -10.46000       0.00000
     -10.45000       0.00000
     -10.44000       0.00000
     -10.43000       0.00000
     -10.42000       0.00000
     -10.41000       0.00000
     -10.40000       0.00000
     -10.39000       0.00000
     -10.38000       0.00000
     -10.37000       0.00000
     -10.36000       0.00000
     -10.35000       0.00000
     -10.34000       0.00000
     -10.33000       0.00000
     -10.32000       0.00000
     -10.31000       0.00000
     -10.30000       0.00000
     -10.29000       0.00000
     -10.28000       0.00000
     -10.27000       0.00000
     -10.26000       0.00000
     -10.25000       0.00000
     -10.24000       0.00000
     -10.23000       0.00000
     -10.22000       0.00000
     -10.21000       0.00000
     -10.20000       0.00000
     -10.19000       0.00000
     -10.18000       0.00000
     -10.17000       0.00000
     -10.16000       0.00000
     -10.15000       0.00000
     -10.14000       0.00000
     -10.13000       0.00000
     -10.12000       0.00000
     -10.11000       0.00000
     -10.10000       0.00000
     -10.09000       0.00000
     -10.08000       0.00000
     -10.07000       0.00000
     -10.06000       0.00000
     -10.05000       0.00000
     -10.04000       0.00000
     -10.03000       0.00000
     -10.02000       0.00000
     -10.01000       0.00000
     -10.00000       0.00000
      -9.99000       0.00000
      -9.98000       0.00000
      -9.97000       0.00000
      -9.96000       0.00000
      -9.95000       0.00000
      -9.94000       0.00000
      -9.93000       0.00000
      -9.92000       0.00000
      -9.91000       0.00000
      -9.90000       0.00000
      -9.89000       0.00000
      -9.88000       0.00000
      -9.87000       0.00000
      -9.86000       0.00000
      -9.85000       0.00000
      -9.84000       0.00000
      -9.83000       0.00000
      -9.82000       0.00000
      -9.81000       0.00000
      -9.80000       0.00000
      -9.79000       0.00000
      -9.78000       0.00000
      -9.77000       0.00000
      -9.76000       0.00000
      -9.75000       0.00000
      -9.74000       0.00000
      -9.73000       0.00000
      -9.72000       0.00000
      -9.71000       0.00000
      -9.70000       0.00000
      -9.69000       0.00000
      -9.68000       0.00000
      -9.67000       0.00000
      -9.66000       0.00000
      -9.65000       0.00000
      -9.64000       0.00000
      -9.63000       0.00000
      -9.62000       0.00000
      -9.61000       0.00000
      -9.60000       0.00000
      -9.59000       0.00000
      -9.58000       0.00000
      -9.57000       0.00000
      -9.56000       0.00000
      -9.55000       0.00000
      -9.54000       0.00000
      -9.53000       0.00000
      -9.52000       0.00000
      -9.51000       0.00000
      -9.50000       0.00000
      -9.49000       0.00000
      -9.48000       0.00000
      -9.47000       0.00000
      -9.46000       0.00000
      -9.45000       0.00000
      -9.44000       0.00000
      -9.43000       0.00000
      -9.42000       0.00000
      -9.41000       0.00000
      -9.40000       0.00000
      -9.39000       0.00000
      -9.38000       0.00000
      -9.37000       0.00000
      -9.36000       0.00000
      -9.35000       0.00000
      -9.34000       0.00000
      -9.33000       0.00000
      -9.32000       0.00000
      -9.31000       0.00000
      -9.30000       0.00000
      -9.29000       0.00000
      -9.28000       0.00000
      -9.27000       0.00000
      -9.26000       0.00000
      -9.25000       0.00000
      -9.24000       0.00000
      -9.23000       0.00000
      -9.22000       0.00000
      -9.21000       0.00000
      -9.20000       0.00000
      -9.19000       0.00000
      -9.18000       0.00000
      -9.17000       0.00000
      -9.16000       0.00000
      -9.15000       0.00000
      -9.14000       0.00000
      -9.13000       0.00000
      -9.12000       0.00000
      -9.11000       0.00000
      -9.10000       0.00000
      -9.09000       0.00000
      -9.08000       0.00000
      -9.07000       0.00000
      -9.06000       0.00000
      -9.05000       0.00000
      -9.04000       0.00000
      -9.03000       0.00000
      -9.02000       0.00000
      -9.01000       0.00000
      -9.00000       0.00000
      -8.99000       0.00000
      -8.98000       0.00000
      -8.97000       0.00000
      -8.96000       0.00000
      -8.95000       0.00000
      -8.94000       0.00000
      -8.93000       0.00000
      -8.92000       0.00000
      -8.91000       0.00000
      -8.90000       0.00000
      -8.89000       0.00000
      -8.88000       0.00000
      -8.87000       0.00000
      -8.86000       0.00000
      -8.85000       0.00000
      -8.84000       0.00000
      -8.83000       0.00000
      -8.82000       0.00000
      -8.81000       0.00000
      -8.80000       0.00000
      -8.79000       0.00000
      -8.78000       0.00000
      -8.77000       0.00000
      -8.76000       0.00000
      -8.75000       0.00000
      -8.74000       0.00000
      -8.73000       0.00000
      -8.72000       0.00000
      -8.71000       0.00000
      -8.70000       0.00000
      -8.69000       0.00000
      -8.68000       0.00000
      -8.67000       0.00000
      -8.66000       0.00000
      -8.65000       0.00000
      -8.64000       0.00000
      -8.63000       0.00000
      -8.62000       0.00000
      -8.61000       0.00000
      -8.60000       0.00000
      -8.59000       0.00000
      -8.58000       0.00000
      -8.57000       0.00000
      -8.56000       0.00000
      -8.55000       0.00000
      -8.54000       0.00000
      -8.53000       0.00000
      -8.52000       0.00000
      -8.51000       0.00000
      -8.50000       0.00000
      -8.49000       0.00000
      -8.48000       0.00000
      -8.47000       0.00000
      -8.46000       0.00000
      -8.45000       0.00000
      -8.44000       0.00000
      -8.43000       0.00000
      -8.42000       0.00000
      -8.41000       0.00000
      -8.40000       0.00000
      -8.39000       0.00000
      -8.38000       0.00000
      -8.37000       0.00000
      -8.36000       0.00000
      -8.35000       0.00000
      -8.34000       0.00000
      -8.33000       0.00000
      -8.32000       0.00000
      -8.31000       0.00000
      -8.30000       0.00000
      -8.29000       0.00000
      -8.28000       0.00000
      -8.27000       0.00000
      -8.26000       0.00000
      -8.25000       0.00000
      -8.24000       0.00000
      -8.23000       0.00000
      -8.22000       0.00000
      -8.21000       0.00000
      -8.20000       0.00000
      -8.19000       0.00000
      -8.18000       0.00000
      -8.17000       0.00000
      -8.16000       0.00000
      -8.15000       0.00000
      -8.14000       0.00000
      -8.13000       0.00000
      -8.12000       0.00000
      -8.11000       0.00000
      -8.10000       0.00000
      -8.09000       0.00000
      -8.08000       0.00000
      -8.07000       0.00000
      -8.06000       0.00000
      -8.05000       0.00000
      -8.04000       0.00000
      -8.03000       0.00000
      -8.02000       0.00000
      -8.01000       0.00000
      -8.00000       0.00000
      -7.99000       0.00000
      -7.98000       0.00000
      -7.97000       0.00000
      -7.96000       0.00000
      -7.95000       0.00000
      -7.94000       0.00000
      -7.93000       0.00000
      -7.92000       0.00000
      -7.91000       0.00000
      -7.90000       0.00000
      -7.89000       0.00000
      -7.88000       0.00000
      -7.87000       0.00000
      -7.86000       0.00000
      -7.85000       0.00000
      -7.84000       0.00000
      -7.83000       0.00000
      -7.82000       0.00000
      -7.81000       0.00000
      -7.80000       0.00000
      -7.79000       0.00000
      -7.78000       0.00000
      -7.77000       0.00000
      -7.76000       0.00000
      -7.75000       0.00000
      -7.74000       0.00000
      -7.73000       0.00000
      -7.72000       0.00000
      -7.71000       0.00000
      -7.70000       0.00000
      -7.69000       0.00000
      -7.68000       0.00000
      -7.67000       0.00000
      -7.66000       0.00000
      -7.65000       0.00000
      -7.64000       0.00000
      -7.63000       0.00000
      -7.62000       0.00000
      -7.61000       0.00000
      -7.60000       0.00000
      -7.59000       0.00000
      -7.58000       0.00000
      -7.57000       0.00000
      -7.56000       0.00000
      -7.55000       0.00000
      -7.54000       0.00000
      -7.53000       0.00000
      -7.52000       0.00000
      -7.51000       0.00000
      -7.50000       0.00000
      -7.49000       0.00000
      -7.48000       0.00000
      -7.47000       0.00000
      -7.46000       0.00000
      -7.45000       0.00000
      -7.44000       0.00000
      -7.43000       0.00000
      -7.42000       0.00000
      -7.41000       0.00000
      -7.40000       0.00000
      -7.39000       0.00000
      -7.38000       0.00000
      -7.37000       0.00000
      -7.36000       0.00000
      -7.35000       0.00000
      -7.34000       0.00000
      -7.33000       0.00000
      -7.32000       0.00000
      -7.31000       0.00000
      -7.30000       0.00000
      -7.29000       0.00000
      -7.28000       0.00000
      -7.27000       0.00000
      -7.26000       0.00000
      -7.25000       0.00000
      -7.24000       0.00000
      -7.23000       0.00000
      -7.22000       0.00000
      -7.21000       0.00000
      -7.20000       0.00000
      -7.19000       0.00000
      -7.18000       0.00000
      -7.17000       0.00000
      -7.16000       0.00000
      -7.15000       0.00000
      -7.14000       0.00000
      -7.13000       0.00000
      -7.12000       0.00000
      -7.11000       0.00000
      -7.10000       0.00000
      -7.09000       0.00000
      -7.08000       0.00000
      -7.07000       0.00000
      -7.06000       0.00000
      -7.05000       0.00000
      -7.04000       0.00000
      -7.03000       0.00000
      -7.02000       0.00000
      -7.01000       0.00000
      -7.00000       0.00000
      -6.99000       0.00000
      -6.98000       0.00000
      -6.97000       0.00000
      -6.96000       0.00000
      -6.95000       0.00000
      -6.94000       0.00000
      -6.93000       0.00000
      -6.92000       0.00000
      -6.91000       0.00000
      -6.90000       0.00000
      -6.89000       0.00000
      -6.88000       0.00000
      -6.87000       0.00000
      -6.86000       0.00000
      -6.85000       0.00000
      -6.84000       0.00000
      -6.83000       0.00000
      -6.82000       0.00000
      -6.81000       0.00000
      -6.80000       0.00000
      -6.79000       0.00000
      -6.78000       0.00000
      -6.77000       0.00000
      -6.76000       0.00000
      -6.75000       0.00000
      -6.74000       0.00000
      -6.73000       0.00000
      -6.72000       0.00000
      -6.71000       0.00000
      -6.70000       0.00000
      -6.69000       0.00000
      -6.68000       0.00000
      -6.67000       0.00000
      -6.66000       0.00000
      -6.65000       0.00000
      -6.64000       0.00000
      -6.63000       0.00000
      -6.62000       0.00000
      -6.61000       0.00000
      -6.60000       0.00000
      -6.59000       0.00000
      -6.58000       0.00000
      -6.57000       0.00000
      -6.56000       0.00000
      -6.55000       0.00000
      -6.54000       0.00000
      -6.53000       0.00000
      -6.52000       0.00000
      -6.51000       0.00000
      -6.50000       0.00000
      -6.49000       0.00000
      -6.48000       0.00000
      -6.47000       0.00000
      -6.46000       0.00000
      -6.45000       0.00000
      -6.44000       0.00000
      -6.43000       0.00000
      -6.42000       0.00000
      -6.41000       0.00000
      -6.40000       0.00000
      -6.39000       0.00000
      -6.38000       0.00000
      -6.37000       0.00000
      -6.36000       0.00000
      -6.35000       0.00000
      -6.34000       0.00000
      -6.33000       0.00000
      -6.32000       0.00000
      -6.31000       0.00000
      -6.30000       0.00000
      -6.29000       0.00000
      -6.28000       0.00000
      -6.27000       0.00000
      -6.26000       0.00000
      -6.25000       0.00000
      -6.24000       0.00000
      -6.23000       0.00000
      -6.22000       0.00000
      -6.21000       0.00000
      -6.20000       0.00000
      -6.19000       0.00000
      -6.18000       0.00000
      -6.17000       0.00000
      -6.16000       0.00000
      -6.15000       0.00000
      -6.14000       0.00000
      -6.13000       0.00000
      -6.12000       0.00000
      -6.11000       0.00000
      -6.10000       0.00000
      -6.09000       0.00000
      -6.08000       0.00000
      -6.07000       0.00000
      -6.06000       0.00001
      -6.05000       0.00002
      -6.04000       0.00006
      -6.03000       0.00015
      -6.02000       0.00033
      -6.01000       0.00070
      -6.00000       0.00139
      -5.99000       0.00258
      -5.98000       0.00449
      -5.97000       0.00736
      -5.96000       0.01138
      -5.95000       0.01666
      -5.94000       0.02319
      -5.93000       0.03081
      -5.92000       0.03926
      -5.91000       0.04820
      -5.90000       0.05727
      -5.89000       0.06622
      -5.88000       0.07494
      -5.87000       0.08351
      -5.86000       0.09223
      -5.85000       0.10157
      -5.84000       0.11200
      -5.83000       0.12393
      -5.82000       0.13751
      -5.81000       0.15260
      -5.80000       0.16877
      -5.79000       0.18543
      -5.78000       0.20199
      -5.77000       0.21801
      -5.76000       0.23330
      -5.75000       0.24796
      -5.74000       0.26229
      -5.73000       0.27668
      -5.72000       0.29146
      -5.71000       0.30674
      -5.70000       0.32240
      -5.69000       0.33810
      -5.68000       0.35345
      -5.67000       0.36818
      -5.66000       0.38233
      -5.65000       0.39627
      -5.64000       0.41074
      -5.63000       0.42660
      -5.62000       0.44466
      -5.61000       0.46538
      -5.60000       0.48873
      -5.59000       0.51423
      -5.58000       0.54108
      -5.57000       0.56841
      -5.56000       0.59552
      -5.55000       0.62204
      -5.54000       0.64798
      -5.53000       0.67362
      -5.52000       0.69938
      -5.51000       0.72572
      -5.50000       0.75293
      -5.49000       0.78110
      -5.48000       0.81002
      -5.47000       0.83923
      -5.46000       0.86820
      -5.45000       0.89648
      -5.44000       0.92391
      -5.43000       0.95070
      -5.42000       0.97740
      -5.41000       1.00473
      -5.40000       1.03343
      -5.39000       1.06403
      -5.38000       1.09683
      -5.37000       1.13189
      -5.36000       1.16913
      -5.35000       1.20841
      -5.34000       1.24960
      -5.33000       1.29253
      -5.32000       1.33702
      -5.31000       1.38278
      -5.30000       1.42946
      -5.29000       1.47669
      -5.28000       1.52413
      -5.27000       1.57149
      -5.26000       1.61858
      -5.25000       1.66523
      -5.24000       1.71135
      -5.23000       1.75689
      -5.22000       1.80187
      -5.21000       1.84643
      -5.20000       1.89075
      -5.19000       1.93499
      -5.18000       1.97926
      -5.17000       2.02345
      -5.16000       2.06723
      -5.15000       2.11006
      -5.14000       2.15125
      -5.13000       2.19009
      -5.12000       2.22602
      -5.11000       2.25873
      -5.10000       2.28820
      -5.09000       2.31469
      -5.08000       2.33858
      -5.07000       2.36032
      -5.06000       2.38029
      -5.05000       2.39876
      -5.04000       2.41594
      -5.03000       2.43204
      -5.02000       2.44728
      -5.01000       2.46199
      -5.00000       2.47655
      -4.99000       2.49141
      -4.98000       2.50705
      -4.97000       2.52401
      -4.96000       2.54278
      -4.95000       2.56379
      -4.94000       2.58721
      -4.93000       2.61284
      -4.92000       2.63998
      -4.91000       2.66752
      -4.90000       2.69408
      -4.89000       2.71837
      -4.88000       2.73949
      -4.87000       2.75707
      -4.86000       2.77135
      -4.85000       2.78293
      -4.84000       2.79258
      -4.83000       2.80103
      -4.82000       2.80884
      -4.81000       2.81636
      -4.80000       2.82383
      -4.79000       2.83138
      -4.78000       2.83911
      -4.77000       2.84708
      -4.76000       2.85535
      -4.75000       2.86395
      -4.74000       2.87295
      -4.73000       2.88238
      -4.72000       2.89225
      -4.71000       2.90245
      -4.70000       2.91281
      -4.69000       2.92304
      -4.68000       2.93287
      -4.67000       2.94208
      -4.66000       2.95053
      -4.65000       2.95822
      -4.64000       2.96522
      -4.63000       2.97168
      -4.62000       2.97777
      -4.61000       2.98366
      -4.60000       2.98956
      -4.59000       2.99565
      -4.58000       3.00211
      -4.57000       3.00911
      -4.56000       3.01673
      -4.55000       3.02502
      -4.54000       3.03394
      -4.53000       3.04334
      -4.52000       3.05306
      -4.51000       3.06289
      -4.50000       3.07270
      -4.49000       3.08239
      -4.48000       3.09195
      -4.47000       3.10135
      -4.46000       3.11052
      -4.45000       3.11936
      -4.44000       3.12770
      -4.43000       3.13538
      -4.42000       3.14234
      -4.41000       3.14864
      -4.40000       3.15446
      -4.39000       3.16007
      -4.38000       3.16576
      -4.37000       3.17172
      -4.36000       3.17803
      -4.35000       3.18462
      -4.34000       3.19131
      -4.33000       3.19789
      -4.32000       3.20426
      -4.31000       3.21051
      -4.30000       3.21697
      -4.29000       3.22427
      -4.28000       3.23321
      -4.27000       3.24467
      -4.26000       3.25944
      -4.25000       3.27804
      -4.24000       3.30063
      -4.23000       3.32693
      -4.22000       3.35636
      -4.21000       3.38811
      -4.20000       3.42139
      -4.19000       3.45558
      -4.18000       3.49037
      -4.17000       3.52584
      -4.16000       3.56242
      -4.15000       3.60082
      -4.14000       3.64184
      -4.13000       3.68620
      -4.12000       3.73437
      -4.11000       3.78650
      -4.10000       3.84244
      -4.09000       3.90178
      -4.08000       3.96403
      -4.07000       4.02866
      -4.06000       4.09510
      -4.05000       4.16270
      -4.04000       4.23069
      -4.03000       4.29813
      -4.02000       4.36406
      -4.01000       4.42758
      -4.00000       4.48801
      -3.99000       4.54493
      -3.98000       4.59819
      -3.97000       4.64777
      -3.96000       4.69373
      -3.95000       4.73615
      -3.94000       4.77521
      -3.93000       4.81119
      -3.92000       4.84460
      -3.91000       4.87616
      -3.90000       4.90664
      -3.89000       4.93672
      -3.88000       4.96679
      -3.87000       4.99679
      -3.86000       5.02629
      -3.85000       5.05455
      -3.84000       5.08080
      -3.83000       5.10442
      -3.82000       5.12509
      -3.81000       5.14288
      -3.80000       5.15816
      -3.79000       5.17155
      -3.78000       5.18379
      -3.77000       5.19558
      -3.76000       5.20745
      -3.75000       5.21972
      -3.74000       5.23243
      -3.73000       5.24538
      -3.72000       5.25827
      -3.71000       5.27079
      -3.70000       5.28275
      -3.69000       5.29422
      -3.68000       5.30551
      -3.67000       5.31711
      -3.66000       5.32960
      -3.65000       5.34341
      -3.64000       5.35868
      -3.63000       5.37516
      -3.62000       5.39221
      -3.61000       5.40900
      -3.60000       5.42473
      -3.59000       5.43888
      -3.58000       5.45135
      -3.57000       5.46253
      -3.56000       5.47316
      -3.55000       5.48420
      -3.54000       5.49656
      -3.53000       5.51094
      -3.52000       5.52771
      -3.51000       5.54698
      -3.50000       5.56864
      -3.49000       5.59252
      -3.48000       5.61849
      -3.47000       5.64657
      -3.46000       5.67693
      -3.45000       5.70993
      -3.44000       5.74606
      -3.43000       5.78596
      -3.42000       5.83036
      -3.41000       5.87991
      -3.40000       5.93510
      -3.39000       5.99604
      -3.38000       6.06234
      -3.37000       6.13298
      -3.36000       6.20637
      -3.35000       6.28048
      -3.34000       6.35317
      -3.33000       6.42254
      -3.32000       6.48727
      -3.31000       6.54681
      -3.30000       6.60132
      -3.29000       6.65140
      -3.28000       6.69777
      -3.27000       6.74103
      -3.26000       6.78154
      -3.25000       6.81950
      -3.24000       6.85508
      -3.23000       6.88850
      -3.22000       6.92005
      -3.21000       6.95009
      -3.20000       6.97891
      -3.19000       7.00674
      -3.18000       7.03376
      -3.17000       7.06020
      -3.16000       7.08638
      -3.15000       7.11275
      -3.14000       7.13978
      -3.13000       7.16789
      -3.12000       7.19725
      -3.11000       7.22774
      -3.10000       7.25895
      -3.09000       7.29022
      -3.08000       7.32083
      -3.07000       7.35006
      -3.06000       7.37741
      -3.05000       7.40259
      -3.04000       7.42557
      -3.03000       7.44651
      -3.02000       7.46569
      -3.01000       7.48338
      -3.00000       7.49979
      -2.99000       7.51505
      -2.98000       7.52923
      -2.97000       7.54242
      -2.96000       7.55477
      -2.95000       7.56649
      -2.94000       7.57786
      -2.93000       7.58917
      -2.92000       7.60068
      -2.91000       7.61261
      -2.90000       7.62515
      -2.89000       7.63845
      -2.88000       7.65269
      -2.87000       7.66803
      -2.86000       7.68458
      -2.85000       7.70238
      -2.84000       7.72137
      -2.83000       7.74132
      -2.82000       7.76189
      -2.81000       7.78263
      -2.80000       7.80302
      -2.79000       7.82255
      -2.78000       7.84076
      -2.77000       7.85732
      -2.76000       7.87214
      -2.75000       7.88538
      -2.74000       7.89749
      -2.73000       7.90910
      -2.72000       7.92093
      -2.71000       7.93360
      -2.70000       7.94751
      -2.69000       7.96273
      -2.68000       7.97902
      -2.67000       7.99589
      -2.66000       8.01279
      -2.65000       8.02921
      -2.64000       8.04477
      -2.63000       8.05929
      -2.62000       8.07274
      -2.61000       8.08520
      -2.60000       8.09687
      -2.59000       8.10800
      -2.58000       8.11896
      -2.57000       8.13018
      -2.56000       8.14212
      -2.55000       8.15516
      -2.54000       8.16953
      -2.53000       8.18529
      -2.52000       8.20239
      -2.51000       8.22075
      -2.50000       8.24042
      -2.49000       8.26161
      -2.48000       8.28466
      -2.47000       8.30983
      -2.46000       8.33716
      -2.45000       8.36624
      -2.44000       8.39623
      -2.43000       8.42601
      -2.42000       8.45441
      -2.41000       8.48059
      -2.40000       8.50416
      -2.39000       8.52529
      -2.38000       8.54451
      -2.37000       8.56256
      -2.36000       8.58013
      -2.35000       8.59773
      -2.34000       8.61561
      -2.33000       8.63377
      -2.32000       8.65208
      -2.31000       8.67037
      -2.30000       8.68849
      -2.29000       8.70639
      -2.28000       8.72413
      -2.27000       8.74187
      -2.26000       8.75991
      -2.25000       8.77862
      -2.24000       8.79843
      -2.23000       8.81984
      -2.22000       8.84330
      -2.21000       8.86921
      -2.20000       8.89784
      -2.19000       8.92927
      -2.18000       8.96337
      -2.17000       8.99974
      -2.16000       9.03780
      -2.15000       9.07687
      -2.14000       9.11636
      -2.13000       9.15587
      -2.12000       9.19531
      -2.11000       9.23486
      -2.10000       9.27490
      -2.09000       9.31585
      -2.08000       9.35807
      -2.07000       9.40182
      -2.06000       9.44725
      -2.05000       9.49438
      -2.04000       9.54307
      -2.03000       9.59302
      -2.02000       9.64372
      -2.01000       9.69449
      -2.00000       9.74453
      -1.99000       9.79304
      -1.98000       9.83940
      -1.97000       9.88320
      -1.96000       9.92431
      -1.95000       9.96286
      -1.94000       9.99916
      -1.93000      10.03371
      -1.92000      10.06711
      -1.91000      10.10004
      -1.90000      10.13313
      -1.89000      10.16690
      -1.88000      10.20159
      -1.87000      10.23714
      -1.86000      10.27319
      -1.85000      10.30921
      -1.84000      10.34469
      -1.83000      10.37924
      -1.82000      10.41274
      -1.81000      10.44522
      -1.80000      10.47681
      -1.79000      10.50757
      -1.78000      10.53741
      -1.77000      10.56610
      -1.76000      10.59331
      -1.75000      10.61876
      -1.74000      10.64229
      -1.73000      10.66402
      -1.72000      10.68432
      -1.71000      10.70380
      -1.70000      10.72322
      -1.69000      10.74334
      -1.68000      10.76474
      -1.67000      10.78773
      -1.66000      10.81218
      -1.65000      10.83760
      -1.64000      10.86320
      -1.63000      10.88807
      -1.62000      10.91145
      -1.61000      10.93285
      -1.60000      10.95224
      -1.59000      10.96999
      -1.58000      10.98680
      -1.57000      11.00349
      -1.56000      11.02079
      -1.55000      11.03915
      -1.54000      11.05869
      -1.53000      11.07917
      -1.52000      11.10017
      -1.51000      11.12119
      -1.50000      11.14180
      -1.49000      11.16174
      -1.48000      11.18093
      -1.47000      11.19944
      -1.46000      11.21747
      -1.45000      11.23527
      -1.44000      11.25315
      -1.43000      11.27145
      -1.42000      11.29050
      -1.41000      11.31060
      -1.40000      11.33198
      -1.39000      11.35475
      -1.38000      11.37883
      -1.37000      11.40397
      -1.36000      11.42976
      -1.35000      11.45578
      -1.34000      11.48166
      -1.33000      11.50725
      -1.32000      11.53260
      -1.31000      11.55797
      -1.30000      11.58369
      -1.29000      11.61002
      -1.28000      11.63704
      -1.27000      11.66458
      -1.26000      11.69229
      -1.25000      11.71972
      -1.24000      11.74652
      -1.23000      11.77248
      -1.22000      11.79761
      -1.21000      11.82207
      -1.20000      11.84612
      -1.19000      11.86995
      -1.18000      11.89368
      -1.17000      11.91730
      -1.16000      11.94071
      -1.15000      11.96374
      -1.14000      11.98624
      -1.13000      12.00809
      -1.12000      12.02926
      -1.11000      12.04977
      -1.10000      12.06975
      -1.09000      12.08940
      -1.08000      12.10903
      -1.07000      12.12911
      -1.06000      12.15028
      -1.05000      12.17326
      -1.04000      12.19879
      -1.03000      12.22745
      -1.02000      12.25951
      -1.01000      12.29485
      -1.00000      12.33289
      -0.99000      12.37269
      -0.98000      12.41309
      -0.97000      12.45285
      -0.96000      12.49091
      -0.95000      12.52651
      -0.94000      12.55929
      -0.93000      12.58932
      -0.92000      12.61702
      -0.91000      12.64300
      -0.90000      12.66797
      -0.89000      12.69262
      -0.88000      12.71751
      -0.87000      12.74311
      -0.86000      12.76973
      -0.85000      12.79755
      -0.84000      12.82662
      -0.83000      12.85684
      -0.82000      12.88794
      -0.81000      12.91950
      -0.80000      12.95096
      -0.79000      12.98166
      -0.78000      13.01094
      -0.77000      13.03830
      -0.76000      13.06353
      -0.75000      13.08674
      -0.74000      13.10832
      -0.73000      13.12884
      -0.72000      13.14887
      -0.71000      13.16881
      -0.70000      13.18881
      -0.69000      13.20884
      -0.68000      13.22877
      -0.67000      13.24855
      -0.66000      13.26836
      -0.65000      13.28862
      -0.64000      13.30991
      -0.63000      13.33278
      -0.62000      13.35749
      -0.61000      13.38383
      -0.60000      13.41113
      -0.59000      13.43834
      -0.58000      13.46433
      -0.57000      13.48817
      -0.56000      13.50937
      -0.55000      13.52793
      -0.54000      13.54426
      -0.53000      13.55900
      -0.52000      13.57281
      -0.51000      13.58624
      -0.50000      13.59964
      -0.49000      13.61315
      -0.48000      13.62678
      -0.47000      13.64044
      -0.46000      13.65401
      -0.45000      13.66745
      -0.44000      13.68081
      -0.43000      13.69423
      -0.42000      13.70794
      -0.41000      13.72212
      -0.40000      13.73690
      -0.39000      13.75220
      -0.38000      13.76780
      -0.37000      13.78332
      -0.36000      13.79835
      -0.35000      13.81255
      -0.34000      13.82577
      -0.33000      13.83809
      -0.32000      13.84974
      -0.31000      13.86109
      -0.30000      13.87245
      -0.29000      13.88404
      -0.28000      13.89593
      -0.27000      13.90805
      -0.26000      13.92022
      -0.25000      13.93220
      -0.24000      13.94373
      -0.23000      13.95455
      -0.22000      13.96441
      -0.21000      13.97310
      -0.20000      13.98046
      -0.19000      13.98642
      -0.18000      13.99101
      -0.17000      13.99435
      -0.16000      13.99665
      -0.15000      13.99814
      -0.14000      13.99903
      -0.13000      13.99954
      -0.12000      13.99981
      -0.11000      13.99994
      -0.10000      14.00000
      -0.09000      14.00002
      -0.08000      14.00003
      -0.07000      14.00004
      -0.06000      14.00004
      -0.05000      14.00004
      -0.04000      14.00004
      -0.03000      14.00004
      -0.02000      14.00004
      -0.01000      14.00004
      -0.00000      14.00004
       0.01000      14.00004
       0.02000      14.00004
       0.03000      14.00004
       0.04000      14.00004
       0.05000      14.00004
       0.06000      14.00004
       0.07000      14.00004
       0.08000      14.00004
       0.09000      14.00004
       0.10000      14.00004
       0.11000      14.00004
       0.12000      14.00004
       0.13000      14.00004
       0.14000      14.00004
       0.15000      14.00004
       0.16000      14.00004
       0.17000      14.00004
       0.18000      14.00004
       0.19000      14.00004
       0.20000      14.00004
       0.21000      14.00004
       0.22000      14.00004
       0.23000      14.00004
       0.24000      14.00004
       0.25000      14.00004
       0.26000      14.00004
       0.27000      14.00004
       0.28000      14.00004
       0.29000      14.00004
       0.30000      14.00004
       0.31000      14.00004
       0.32000      14.00004
       0.33000      14.00004
       0.34000      14.00004
       0.35000      14.00004
       0.36000      14.00004
       0.37000      14.00004
       0.38000      14.00004
       0.39000      14.00004
       0.40000      14.00004
       0.41000      14.00004
       0.42000      14.00004
       0.43000      14.00004
       0.44000      14.00004
       0.45000      14.00004
       0.46000      14.00004
       0.47000      14.00004
       0.48000      14.00004
       0.49000      14.00004
       0.50000      14.00004
       0.51000      14.00004
       0.52000      14.00004
       0.53000      14.00004
       0.54000      14.00004
       0.55000      14.00004
       0.56000      14.00004
       0.57000      14.00004
       0.58000      14.00004
       0.59000      14.00004
       0.60000      14.00004
       0.61000      14.00004
       0.62000      14.00004
       0.63000      14.00004
       0.64000      14.00004
       0.65000      14.00004
       0.66000      14.00004
       0.67000      14.00004
       0.68000      14.00004
       0.69000      14.00004
       0.70000      14.00004
       0.71000      14.00004
       0.72000      14.00004
       0.73000      14.00004
       0.74000      14.00004
       0.75000      14.00004
       0.76000      14.00004
       0.77000      14.00004
       0.78000      14.00004
       0.79000      14.00004
       0.80000      14.00004
       0.81000      14.00004
       0.82000      14.00004
       0.83000      14.00004
       0.84000      14.00004
       0.85000      14.00004
       0.86000      14.00004
       0.87000      14.00004
       0.88000      14.00004
       0.89000      14.00004
       0.90000      14.00004
       0.91000      14.00004
       0.92000      14.00004
       0.93000      14.00004
       0.94000      14.00004
       0.95000      14.00004
       0.96000      14.00004
       0.97000      14.00004
       0.98000      14.00004
       0.99000      14.00004
       1.00000      14.00004
       1.01000      14.00004
       1.02000      14.00004
       1.03000      14.00004
       1.04000      14.00004
       1.05000      14.00004
       1.06000      14.00004
       1.07000      14.00004
       1.08000      14.00004
       1.09000      14.00004
       1.10000      14.00004
       1.11000      14.00004
       1.12000      14.00004
       1.13000      14.00004
       1.14000      14.00004
       1.15000      14.00004
       1.16000      14.00004
       1.17000      14.00004
       1.18000      14.00004
       1.19000      14.00004
       1.20000      14.00004
       1.21000      14.00004
       1.22000      14.00004
       1.23000      14.00004
       1.24000      14.00004
       1.25000      14.00004
       1.26000      14.00004
       1.27000      14.00004
       1.28000      14.00004
       1.29000      14.00004
       1.30000      14.00004
       1.31000      14.00004
       1.32000      14.00004
       1.33000      14.00004
       1.34000      14.00004
       1.35000      14.00004
       1.36000      14.00005
       1.37000      14.00005
       1.38000      14.00008
       1.39000      14.00012
       1.40000      14.00022
       1.41000      14.00040
       1.42000      14.00072
       1.43000      14.00124
       1.44000      14.00201
       1.45000      14.00308
       1.46000      14.00448
       1.47000      14.00617
       1.48000      14.00814
       1.49000      14.01031
       1.50000      14.01269
       1.51000      14.01528
       1.52000      14.01812
       1.53000      14.02128
       1.54000      14.02476
       1.55000      14.02853
       1.56000      14.03249
       1.57000      14.03651
       1.58000      14.04051
       1.59000      14.04447
       1.60000      14.04848
       1.61000      14.05264
       1.62000      14.05710
       1.63000      14.06195
       1.64000      14.06719
       1.65000      14.07277
       1.66000      14.07860
       1.67000      14.08458
       1.68000      14.09068
       1.69000      14.09698
       1.70000      14.10369
       1.71000      14.11118
       1.72000      14.11995
       1.73000      14.13053
       1.74000      14.14335
       1.75000      14.15867
       1.76000      14.17650
       1.77000      14.19664
       1.78000      14.21881
       1.79000      14.24277
       1.80000      14.26836
       1.81000      14.29554
       1.82000      14.32432
       1.83000      14.35471
       1.84000      14.38667
       1.85000      14.42013
       1.86000      14.45496
       1.87000      14.49106
       1.88000      14.52835
       1.89000      14.56674
       1.90000      14.60627
       1.91000      14.64715
       1.92000      14.68987
       1.93000      14.73530
       1.94000      14.78457
       1.95000      14.83888
       1.96000      14.89925
       1.97000      14.96617
       1.98000      15.03940
       1.99000      15.11794
       2.00000      15.20008
       2.01000      15.28360
       2.02000      15.36607
       2.03000      15.44506
       2.04000      15.51842
       2.05000      15.58444
       2.06000      15.64204
       2.07000      15.69085
       2.08000      15.73122
       2.09000      15.76418
       2.10000      15.79121
       2.11000      15.81398
       2.12000      15.83415
       2.13000      15.85311
       2.14000      15.87195
       2.15000      15.89145
       2.16000      15.91221
       2.17000      15.93472
       2.18000      15.95949
       2.19000      15.98704
       2.20000      16.01787
       2.21000      16.05235
       2.22000      16.09065
       2.23000      16.13273
       2.24000      16.17832
       2.25000      16.22702
       2.26000      16.27835
       2.27000      16.33190
       2.28000      16.38743
       2.29000      16.44485
       2.30000      16.50425
       2.31000      16.56574
       2.32000      16.62928
       2.33000      16.69457
       2.34000      16.76089
       2.35000      16.82717
       2.36000      16.89209
       2.37000      16.95432
       2.38000      17.01280
       2.39000      17.06702
       2.40000      17.11711
       2.41000      17.16386
       2.42000      17.20851
       2.43000      17.25243
       2.44000      17.29675
       2.45000      17.34209
       2.46000      17.38846
       2.47000      17.43534
       2.48000      17.48193
       2.49000      17.52746
       2.50000      17.57138
       2.51000      17.61348
       2.52000      17.65386
       2.53000      17.69283
       2.54000      17.73079
       2.55000      17.76820
       2.56000      17.80555
       2.57000      17.84328
       2.58000      17.88167
       2.59000      17.92075
       2.60000      17.96018
       2.61000      17.99928
       2.62000      18.03718
       2.63000      18.07306
       2.64000      18.10632
       2.65000      18.13677
       2.66000      18.16454
       2.67000      18.19004
       2.68000      18.21384
       2.69000      18.23652
       2.70000      18.25870
       2.71000      18.28097
       2.72000      18.30395
       2.73000      18.32827
       2.74000      18.35446
       2.75000      18.38288
       2.76000      18.41355
       2.77000      18.44608
       2.78000      18.47960
       2.79000      18.51291
       2.80000      18.54467
       2.81000      18.57372
       2.82000      18.59933
       2.83000      18.62137
       2.84000      18.64036
       2.85000      18.65735
       2.86000      18.67365
       2.87000      18.69067
       2.88000      18.70966
       2.89000      18.73171
       2.90000      18.75767
       2.91000      18.78811
       2.92000      18.82325
       2.93000      18.86282
       2.94000      18.90590
       2.95000      18.95100
       2.96000      18.99625
       2.97000      19.03981
       2.98000      19.08022
       2.99000      19.11674
       3.00000      19.14941
       3.01000      19.17882
       3.02000      19.20586
       3.03000      19.23132
       3.04000      19.25577
       3.05000      19.27944
       3.06000      19.30238
       3.07000      19.32459
       3.08000      19.34615
       3.09000      19.36726
       3.10000      19.38820
       3.11000      19.40925
       3.12000      19.43054
       3.13000      19.45201
       3.14000      19.47340
       3.15000      19.49436
       3.16000      19.51456
       3.17000      19.53383
       3.18000      19.55217
       3.19000      19.56974
       3.20000      19.58677
       3.21000      19.60347
       3.22000      19.61999
       3.23000      19.63642
       3.24000      19.65287
       3.25000      19.66950
       3.26000      19.68656
       3.27000      19.70434
       3.28000      19.72312
       3.29000      19.74305
       3.30000      19.76414
       3.31000      19.78621
       3.32000      19.80895
       3.33000      19.83195
       3.34000      19.85483
       3.35000      19.87727
       3.36000      19.89894
       3.37000      19.91955
       3.38000      19.93875
       3.39000      19.95626
       3.40000      19.97191
       3.41000      19.98575
       3.42000      19.99805
       3.43000      20.00926
       3.44000      20.01987
       3.45000      20.03031
       3.46000      20.04085
       3.47000      20.05161
       3.48000      20.06266
       3.49000      20.07409
       3.50000      20.08604
       3.51000      20.09868
       3.52000      20.11217
       3.53000      20.12653
       3.54000      20.14165
       3.55000      20.15730
       3.56000      20.17316
       3.57000      20.18894
       3.58000      20.20441
       3.59000      20.21943
       3.60000      20.23396
       3.61000      20.24807
       3.62000      20.26196
       3.63000      20.27598
       3.64000      20.29063
       3.65000      20.30647
       3.66000      20.32403
       3.67000      20.34363
       3.68000      20.36531
       3.69000      20.38868
       3.70000      20.41300
       3.71000      20.43726
       3.72000      20.46037
       3.73000      20.48139
       3.74000      20.49969
       3.75000      20.51504
       3.76000      20.52760
       3.77000      20.53785
       3.78000      20.54638
       3.79000      20.55381
       3.80000      20.56066
       3.81000      20.56733
       3.82000      20.57407
       3.83000      20.58108
       3.84000      20.58852
       3.85000      20.59659
       3.86000      20.60553
       3.87000      20.61560
       3.88000      20.62707
       3.89000      20.64013
       3.90000      20.65487
       3.91000      20.67123
       3.92000      20.68903
       3.93000      20.70807
       3.94000      20.72821
       3.95000      20.74948
       3.96000      20.77205
       3.97000      20.79630
       3.98000      20.82268
       3.99000      20.85166
       4.00000      20.88359
       4.01000      20.91859
       4.02000      20.95647
       4.03000      20.99664
       4.04000      21.03817
       4.05000      21.07989
       4.06000      21.12060
       4.07000      21.15927
       4.08000      21.19517
       4.09000      21.22801
       4.10000      21.25788
       4.11000      21.28519
       4.12000      21.31048
       4.13000      21.33433
       4.14000      21.35729
       4.15000      21.37980
       4.16000      21.40224
       4.17000      21.42482
       4.18000      21.44761
       4.19000      21.47045
       4.20000      21.49294
       4.21000      21.51455
       4.22000      21.53471
       4.23000      21.55302
       4.24000      21.56937
       4.25000      21.58401
       4.26000      21.59748
       4.27000      21.61041
       4.28000      21.62334
       4.29000      21.63654
       4.30000      21.65000
       4.31000      21.66350
       4.32000      21.67672
       4.33000      21.68942
       4.34000      21.70152
       4.35000      21.71315
       4.36000      21.72459
       4.37000      21.73619
       4.38000      21.74828
       4.39000      21.76105
       4.40000      21.77451
       4.41000      21.78846
       4.42000      21.80253
       4.43000      21.81625
       4.44000      21.82912
       4.45000      21.84078
       4.46000      21.85101
       4.47000      21.85985
       4.48000      21.86752
       4.49000      21.87439
       4.50000      21.88086
       4.51000      21.88729
       4.52000      21.89391
       4.53000      21.90080
       4.54000      21.90796
       4.55000      21.91530
       4.56000      21.92278
       4.57000      21.93037
       4.58000      21.93804
       4.59000      21.94574
       4.60000      21.95337
       4.61000      21.96075
       4.62000      21.96770
       4.63000      21.97406
       4.64000      21.97968
       4.65000      21.98452
       4.66000      21.98855
       4.67000      21.99182
       4.68000      21.99437
       4.69000      21.99630
       4.70000      21.99768
       4.71000      21.99863
       4.72000      21.99924
       4.73000      21.99961
       4.74000      21.99981
       4.75000      21.99992
       4.76000      21.99998
       4.77000      22.00000
       4.78000      22.00001
       4.79000      22.00002
       4.80000      22.00002
       4.81000      22.00002
       4.82000      22.00002
       4.83000      22.00002
       4.84000      22.00002
       4.85000      22.00002
       4.86000      22.00002
       4.87000      22.00002
       4.88000      22.00002
       4.89000      22.00002
       4.90000      22.00002
       4.91000      22.00002
       4.92000      22.00002
       4.93000      22.00002
       4.94000      22.00002
       4.95000      22.00002
       4.96000      22.00002
       4.97000      22.00002
       4.98000      22.00003
       4.99000      22.00004
       5.00000      22.00006
       5.01000      22.00011
       5.02000      22.00022
       5.03000      22.00041
       5.04000      22.00075
       5.05000      22.00131
       5.06000      22.00214
       5.07000      22.00331
       5.08000      22.00485
       5.09000      22.00674
       5.10000      22.00896
       5.11000      22.01142
       5.12000      22.01404
       5.13000      22.01673
       5.14000      22.01940
       5.15000      22.02196
       5.16000      22.02437
       5.17000      22.02661
       5.18000      22.02872
       5.19000      22.03080
       5.20000      22.03301
       5.21000      22.03553
       5.22000      22.03850
       5.23000      22.04199
       5.24000      22.04597
       5.25000      22.05032
       5.26000      22.05483
       5.27000      22.05927
       5.28000      22.06347
       5.29000      22.06729
       5.30000      22.07069
       5.31000      22.07374
       5.32000      22.07656
       5.33000      22.07933
       5.34000      22.08222
       5.35000      22.08536
       5.36000      22.08878
       5.37000      22.09237
       5.38000      22.09597
       5.39000      22.09936
       5.40000      22.10237
       5.41000      22.10491
       5.42000      22.10703
       5.43000      22.10887
       5.44000      22.11068
       5.45000      22.11275
       5.46000      22.11534
       5.47000      22.11868
       5.48000      22.12286
       5.49000      22.12786
       5.50000      22.13353
       5.51000      22.13962
       5.52000      22.14581
       5.53000      22.15180
       5.54000      22.15733
       5.55000      22.16227
       5.56000      22.16660
       5.57000      22.17041
       5.58000      22.17389
       5.59000      22.17726
       5.60000      22.18072
       5.61000      22.18446
       5.62000      22.18857
       5.63000      22.19313
       5.64000      22.19816
       5.65000      22.20363
       5.66000      22.20952
       5.67000      22.21577
       5.68000      22.22234
       5.69000      22.22914
       5.70000      22.23608
       5.71000      22.24305
       5.72000      22.24995
       5.73000      22.25670
       5.74000      22.26330
       5.75000      22.26980
       5.76000      22.27632
       5.77000      22.28296
       5.78000      22.28985
       5.79000      22.29711
       5.80000      22.30482
       5.81000      22.31305
       5.82000      22.32183
       5.83000      22.33116
       5.84000      22.34097
       5.85000      22.35112
       5.86000      22.36143
       5.87000      22.37167
       5.88000      22.38162
       5.89000      22.39107
       5.90000      22.39988
       5.91000      22.40797
       5.92000      22.41536
       5.93000      22.42213
       5.94000      22.42848
       5.95000      22.43470
       5.96000      22.44122
       5.97000      22.44851
       5.98000      22.45706
       5.99000      22.46726
       6.00000      22.47935
       6.01000      22.49328
       6.02000      22.50876
       6.03000      22.52524
       6.04000      22.54202
       6.05000      22.55843
       6.06000      22.57392
       6.07000      22.58818
       6.08000      22.60114
       6.09000      22.61301
       6.10000      22.62416
       6.11000      22.63505
       6.12000      22.64615
       6.13000      22.65786
       6.14000      22.67040
       6.15000      22.68382
       6.16000      22.69795
       6.17000      22.71245
       6.18000      22.72692
       6.19000      22.74101
       6.20000      22.75448
       6.21000      22.76725
       6.22000      22.77943
       6.23000      22.79130
       6.24000      22.80324
       6.25000      22.81570
       6.26000      22.82912
       6.27000      22.84392
       6.28000      22.86038
       6.29000      22.87865
       6.30000      22.89864
       6.31000      22.92002
       6.32000      22.94230
       6.33000      22.96483
       6.34000      22.98699
       6.35000      23.00821
       6.36000      23.02813
       6.37000      23.04658
       6.38000      23.06360
       6.39000      23.07939
       6.40000      23.09422
       6.41000      23.10843
       6.42000      23.12233
       6.43000      23.13625
       6.44000      23.15050
       6.45000      23.16538
       6.46000      23.18113
       6.47000      23.19789
       6.48000      23.21570
       6.49000      23.23441
       6.50000      23.25375
       6.51000      23.27329
       6.52000      23.29254
       6.53000      23.31103
       6.54000      23.32838
       6.55000      23.34440
       6.56000      23.35911
       6.57000      23.37266
       6.58000      23.38534
       6.59000      23.39747
       6.60000      23.40933
       6.61000      23.42115
       6.62000      23.43304
       6.63000      23.44498
       6.64000      23.45690
       6.65000      23.46867
       6.66000      23.48024
       6.67000      23.49170
       6.68000      23.50333
       6.69000      23.51561
       6.70000      23.52918
       6.71000      23.54476
       6.72000      23.56301
       6.73000      23.58438
       6.74000      23.60904
       6.75000      23.63675
       6.76000      23.66692
       6.77000      23.69870
       6.78000      23.73110
       6.79000      23.76313
       6.80000      23.79395
       6.81000      23.82290
       6.82000      23.84955
       6.83000      23.87368
       6.84000      23.89533
       6.85000      23.91473
       6.86000      23.93229
       6.87000      23.94852
       6.88000      23.96399
       6.89000      23.97925
       6.90000      23.99473
       6.91000      24.01071
       6.92000      24.02732
       6.93000      24.04457
       6.94000      24.06247
       6.95000      24.08112
       6.96000      24.10070
       6.97000      24.12147
       6.98000      24.14364
       6.99000      24.16728
       7.00000      24.19221
       7.01000      24.21809
       7.02000      24.24447
       7.03000      24.27090
       7.04000      24.29701
       7.05000      24.32254
       7.06000      24.34725
       7.07000      24.37093
       7.08000      24.39336
       7.09000      24.41433
       7.10000      24.43371
       7.11000      24.45156
       7.12000      24.46815
       7.13000      24.48397
       7.14000      24.49966
       7.15000      24.51587
       7.16000      24.53316
       7.17000      24.55180
       7.18000      24.57179
       7.19000      24.59291
       7.20000      24.61481
       7.21000      24.63719
       7.22000      24.65990
       7.23000      24.68299
       7.24000      24.70662
       7.25000      24.73096
       7.26000      24.75609
       7.27000      24.78191
       7.28000      24.80814
       7.29000      24.83442
       7.30000      24.86035
       7.31000      24.88559
       7.32000      24.90985
       7.33000      24.93289
       7.34000      24.95449
       7.35000      24.97439
       7.36000      24.99234
       7.37000      25.00818
       7.38000      25.02194
       7.39000      25.03392
       7.40000      25.04471
       7.41000      25.05510
       7.42000      25.06592
       7.43000      25.07790
       7.44000      25.09151
       7.45000      25.10695
       7.46000      25.12415
       7.47000      25.14286
       7.48000      25.16270
       7.49000      25.18330
       7.50000      25.20433
       7.51000      25.22556
       7.52000      25.24680
       7.53000      25.26796
       7.54000      25.28897
       7.55000      25.30982
       7.56000      25.33055
       7.57000      25.35123
       7.58000      25.37195
       7.59000      25.39280
       7.60000      25.41385
       7.61000      25.43512
       7.62000      25.45662
       7.63000      25.47840
       7.64000      25.50068
       7.65000      25.52384
       7.66000      25.54840
       7.67000      25.57498
       7.68000      25.60406
       7.69000      25.63584
       7.70000      25.67013
       7.71000      25.70629
       7.72000      25.74340
       7.73000      25.78045
       7.74000      25.81659
       7.75000      25.85124
       7.76000      25.88417
       7.77000      25.91543
       7.78000      25.94515
       7.79000      25.97343
       7.80000      26.00023
       7.81000      26.02536
       7.82000      26.04855
       7.83000      26.06960
       7.84000      26.08854
       7.85000      26.10570
       7.86000      26.12178
       7.87000      26.13779
       7.88000      26.15488
       7.89000      26.17418
       7.90000      26.19661
       7.91000      26.22269
       7.92000      26.25249
       7.93000      26.28562
       7.94000      26.32138
       7.95000      26.35885
       7.96000      26.39711
       7.97000      26.43534
       7.98000      26.47293
       7.99000      26.50946
       8.00000      26.54467
       8.01000      26.57848
       8.02000      26.61096
       8.03000      26.64234
       8.04000      26.67302
       8.05000      26.70356
       8.06000      26.73452
       8.07000      26.76636
       8.08000      26.79924
       8.09000      26.83292
       8.10000      26.86673
       8.11000      26.89969
       8.12000      26.93078
       8.13000      26.95915
       8.14000      26.98434
       8.15000      27.00642
       8.16000      27.02599
       8.17000      27.04409
       8.18000      27.06204
       8.19000      27.08119
       8.20000      27.10276
       8.21000      27.12754
       8.22000      27.15572
       8.23000      27.18684
       8.24000      27.21983
       8.25000      27.25325
       8.26000      27.28560
       8.27000      27.31567
       8.28000      27.34276
       8.29000      27.36673
       8.30000      27.38798
       8.31000      27.40722
       8.32000      27.42540
       8.33000      27.44354
       8.34000      27.46274
       8.35000      27.48410
       8.36000      27.50861
       8.37000      27.53702
       8.38000      27.56960
       8.39000      27.60605
       8.40000      27.64544
       8.41000      27.68637
       8.42000      27.72727
       8.43000      27.76671
       8.44000      27.80367
       8.45000      27.83765
       8.46000      27.86865
       8.47000      27.89698
       8.48000      27.92316
       8.49000      27.94773
       8.50000      27.97119
       8.51000      27.99406
       8.52000      28.01684
       8.53000      28.04008
       8.54000      28.06434
       8.55000      28.09015
       8.56000      28.11785
       8.57000      28.14756
       8.58000      28.17908
       8.59000      28.21195
       8.60000      28.24563
       8.61000      28.27961
       8.62000      28.31363
       8.63000      28.34765
       8.64000      28.38183
       8.65000      28.41634
       8.66000      28.45121
       8.67000      28.48626
       8.68000      28.52120
       8.69000      28.55575
       8.70000      28.58988
       8.71000      28.62391
       8.72000      28.65849
       8.73000      28.69443
       8.74000      28.73247
       8.75000      28.77299
       8.76000      28.81586
       8.77000      28.86041
       8.78000      28.90564
       8.79000      28.95041
       8.80000      28.99381
       8.81000      29.03531
       8.82000      29.07483
       8.83000      29.11272
       8.84000      29.14952
       8.85000      29.18582
       8.86000      29.22203
       8.87000      29.25830
       8.88000      29.29446
       8.89000      29.33011
       8.90000      29.36469
       8.91000      29.39762
       8.92000      29.42846
       8.93000      29.45700
       8.94000      29.48328
       8.95000      29.50756
       8.96000      29.53026
       8.97000      29.55188
       8.98000      29.57288
       8.99000      29.59363
       9.00000      29.61437
       9.01000      29.63518
       9.02000      29.65606
       9.03000      29.67692
       9.04000      29.69769
       9.05000      29.71836
       9.06000      29.73897
       9.07000      29.75959
       9.08000      29.78036
       9.09000      29.80144
       9.10000      29.82300
       9.11000      29.84525
       9.12000      29.86835
       9.13000      29.89248
       9.14000      29.91774
       9.15000      29.94425
       9.16000      29.97209
       9.17000      30.00136
       9.18000      30.03209
       9.19000      30.06421
       9.20000      30.09745
       9.21000      30.13137
       9.22000      30.16544
       9.23000      30.19910
       9.24000      30.23198
       9.25000      30.26393
       9.26000      30.29514
       9.27000      30.32614
       9.28000      30.35770
       9.29000      30.39071
       9.30000      30.42596
       9.31000      30.46392
       9.32000      30.50454
       9.33000      30.54726
       9.34000      30.59110
       9.35000      30.63491
       9.36000      30.67774
       9.37000      30.71905
       9.38000      30.75883
       9.39000      30.79765
       9.40000      30.83643
       9.41000      30.87630
       9.42000      30.91829
       9.43000      30.96311
       9.44000      31.01093
       9.45000      31.06131
       9.46000      31.11322
       9.47000      31.16525
       9.48000      31.21583
       9.49000      31.26355
       9.50000      31.30738
       9.51000      31.34677
       9.52000      31.38182
       9.53000      31.41321
