      #Energy        TDOS
     -10.47000       0.00000
     -10.46000       0.00000
     -10.45000       0.00000
     -10.44000       0.00000
     -10.43000       0.00000
     -10.42000       0.00000
     -10.41000       0.00000
     -10.40000       0.00000
     -10.39000       0.00000
     -10.38000       0.00000
     -10.37000       0.00000
     -10.36000       0.00000
     -10.35000       0.00000
     -10.34000       0.00000
     -10.33000       0.00000
     -10.32000       0.00000
     -10.31000       0.00000
     -10.30000       0.00000
     -10.29000       0.00000
     -10.28000       0.00000
     -10.27000       0.00000
     -10.26000       0.00000
     -10.25000       0.00000
     -10.24000       0.00000
     -10.23000       0.00000
     -10.22000       0.00000
     -10.21000       0.00000
     -10.20000       0.00000
     -10.19000       0.00000
     -10.18000       0.00000
     -10.17000       0.00000
     -10.16000       0.00000
     -10.15000       0.00000
     -10.14000       0.00000
     -10.13000       0.00000
     -10.12000       0.00000
     -10.11000       0.00000
     -10.10000       0.00000
     -10.09000       0.00000
     -10.08000       0.00000
     -10.07000       0.00000
     -10.06000       0.00000
     -10.05000       0.00000
     -10.04000       0.00000
     -10.03000       0.00000
     -10.02000       0.00000
     -10.01000       0.00000
     -10.00000       0.00000
      -9.99000       0.00000
      -9.98000       0.00000
      -9.97000       0.00000
      -9.96000       0.00000
      -9.95000       0.00000
      -9.94000       0.00000
      -9.93000       0.00000
      -9.92000       0.00000
      -9.91000       0.00000
      -9.90000       0.00000
      -9.89000       0.00000
      -9.88000       0.00000
      -9.87000       0.00000
      -9.86000       0.00000
      -9.85000       0.00000
      -9.84000       0.00000
      -9.83000       0.00000
      -9.82000       0.00000
      -9.81000       0.00000
      -9.80000       0.00000
      -9.79000       0.00000
      -9.78000       0.00000
      -9.77000       0.00000
      -9.76000       0.00000
      -9.75000       0.00000
      -9.74000       0.00000
      -9.73000       0.00000
      -9.72000       0.00000
      -9.71000       0.00000
      -9.70000       0.00000
      -9.69000       0.00000
      -9.68000       0.00000
      -9.67000       0.00000
      -9.66000       0.00000
      -9.65000       0.00000
      -9.64000       0.00000
      -9.63000       0.00000
      -9.62000       0.00000
      -9.61000       0.00000
      -9.60000       0.00000
      -9.59000       0.00000
      -9.58000       0.00000
      -9.57000       0.00000
      -9.56000       0.00000
      -9.55000       0.00000
      -9.54000       0.00000
      -9.53000       0.00000
      -9.52000       0.00000
      -9.51000       0.00000
      -9.50000       0.00000
      -9.49000       0.00000
      -9.48000       0.00000
      -9.47000       0.00000
      -9.46000       0.00000
      -9.45000       0.00000
      -9.44000       0.00000
      -9.43000       0.00000
      -9.42000       0.00000
      -9.41000       0.00000
      -9.40000       0.00000
      -9.39000       0.00000
      -9.38000       0.00000
      -9.37000       0.00000
      -9.36000       0.00000
      -9.35000       0.00000
      -9.34000       0.00000
      -9.33000       0.00000
      -9.32000       0.00000
      -9.31000       0.00000
      -9.30000       0.00000
      -9.29000       0.00000
      -9.28000       0.00000
      -9.27000       0.00000
      -9.26000       0.00000
      -9.25000       0.00000
      -9.24000       0.00000
      -9.23000       0.00000
      -9.22000       0.00000
      -9.21000       0.00000
      -9.20000       0.00000
      -9.19000       0.00000
      -9.18000       0.00000
      -9.17000       0.00000
      -9.16000       0.00000
      -9.15000       0.00000
      -9.14000       0.00000
      -9.13000       0.00000
      -9.12000       0.00000
      -9.11000       0.00000
      -9.10000       0.00000
      -9.09000       0.00000
      -9.08000       0.00000
      -9.07000       0.00000
      -9.06000       0.00000
      -9.05000       0.00000
      -9.04000       0.00000
      -9.03000       0.00000
      -9.02000       0.00000
      -9.01000       0.00000
      -9.00000       0.00000
      -8.99000       0.00000
      -8.98000       0.00000
      -8.97000       0.00000
      -8.96000       0.00000
      -8.95000       0.00000
      -8.94000       0.00000
      -8.93000       0.00000
      -8.92000       0.00000
      -8.91000       0.00000
      -8.90000       0.00000
      -8.89000       0.00000
      -8.88000       0.00000
      -8.87000       0.00000
      -8.86000       0.00000
      -8.85000       0.00000
      -8.84000       0.00000
      -8.83000       0.00000
      -8.82000       0.00000
      -8.81000       0.00000
      -8.80000       0.00000
      -8.79000       0.00000
      -8.78000       0.00000
      -8.77000       0.00000
      -8.76000       0.00000
      -8.75000       0.00000
      -8.74000       0.00000
      -8.73000       0.00000
      -8.72000       0.00000
      -8.71000       0.00000
      -8.70000       0.00000
      -8.69000       0.00000
      -8.68000       0.00000
      -8.67000       0.00000
      -8.66000       0.00000
      -8.65000       0.00000
      -8.64000       0.00000
      -8.63000       0.00000
      -8.62000       0.00000
      -8.61000       0.00000
      -8.60000       0.00000
      -8.59000       0.00000
      -8.58000       0.00000
      -8.57000       0.00000
      -8.56000       0.00000
      -8.55000       0.00000
      -8.54000       0.00000
      -8.53000       0.00000
      -8.52000       0.00000
      -8.51000       0.00000
      -8.50000       0.00000
      -8.49000       0.00000
      -8.48000       0.00000
      -8.47000       0.00000
      -8.46000       0.00000
      -8.45000       0.00000
      -8.44000       0.00000
      -8.43000       0.00000
      -8.42000       0.00000
      -8.41000       0.00000
      -8.40000       0.00000
      -8.39000       0.00000
      -8.38000       0.00000
      -8.37000       0.00000
      -8.36000       0.00000
      -8.35000       0.00000
      -8.34000       0.00000
      -8.33000       0.00000
      -8.32000       0.00000
      -8.31000       0.00000
      -8.30000       0.00000
      -8.29000       0.00000
      -8.28000       0.00000
      -8.27000       0.00000
      -8.26000       0.00000
      -8.25000       0.00000
      -8.24000       0.00000
      -8.23000       0.00000
      -8.22000       0.00000
      -8.21000       0.00000
      -8.20000       0.00000
      -8.19000       0.00000
      -8.18000       0.00000
      -8.17000       0.00000
      -8.16000       0.00000
      -8.15000       0.00000
      -8.14000       0.00000
      -8.13000       0.00000
      -8.12000       0.00000
      -8.11000       0.00000
      -8.10000       0.00000
      -8.09000       0.00000
      -8.08000       0.00000
      -8.07000       0.00000
      -8.06000       0.00000
      -8.05000       0.00000
      -8.04000       0.00000
      -8.03000       0.00000
      -8.02000       0.00000
      -8.01000       0.00000
      -8.00000       0.00000
      -7.99000       0.00000
      -7.98000       0.00000
      -7.97000       0.00000
      -7.96000       0.00000
      -7.95000       0.00000
      -7.94000       0.00000
      -7.93000       0.00000
      -7.92000       0.00000
      -7.91000       0.00000
      -7.90000       0.00000
      -7.89000       0.00000
      -7.88000       0.00000
      -7.87000       0.00000
      -7.86000       0.00000
      -7.85000       0.00000
      -7.84000       0.00000
      -7.83000       0.00000
      -7.82000       0.00000
      -7.81000       0.00000
      -7.80000       0.00000
      -7.79000       0.00000
      -7.78000       0.00000
      -7.77000       0.00000
      -7.76000       0.00000
      -7.75000       0.00000
      -7.74000       0.00000
      -7.73000       0.00000
      -7.72000       0.00000
      -7.71000       0.00000
      -7.70000       0.00000
      -7.69000       0.00000
      -7.68000       0.00000
      -7.67000       0.00000
      -7.66000       0.00000
      -7.65000       0.00000
      -7.64000       0.00000
      -7.63000       0.00000
      -7.62000       0.00000
      -7.61000       0.00000
      -7.60000       0.00000
      -7.59000       0.00000
      -7.58000       0.00000
      -7.57000       0.00000
      -7.56000       0.00000
      -7.55000       0.00000
      -7.54000       0.00000
      -7.53000       0.00000
      -7.52000       0.00000
      -7.51000       0.00000
      -7.50000       0.00000
      -7.49000       0.00000
      -7.48000       0.00000
      -7.47000       0.00000
      -7.46000       0.00000
      -7.45000       0.00000
      -7.44000       0.00000
      -7.43000       0.00000
      -7.42000       0.00000
      -7.41000       0.00000
      -7.40000       0.00000
      -7.39000       0.00000
      -7.38000       0.00000
      -7.37000       0.00000
      -7.36000       0.00000
      -7.35000       0.00000
      -7.34000       0.00000
      -7.33000       0.00000
      -7.32000       0.00000
      -7.31000       0.00000
      -7.30000       0.00000
      -7.29000       0.00000
      -7.28000       0.00000
      -7.27000       0.00000
      -7.26000       0.00000
      -7.25000       0.00000
      -7.24000       0.00000
      -7.23000       0.00000
      -7.22000       0.00000
      -7.21000       0.00000
      -7.20000       0.00000
      -7.19000       0.00000
      -7.18000       0.00000
      -7.17000       0.00000
      -7.16000       0.00000
      -7.15000       0.00000
      -7.14000       0.00000
      -7.13000       0.00000
      -7.12000       0.00000
      -7.11000       0.00000
      -7.10000       0.00000
      -7.09000       0.00000
      -7.08000       0.00000
      -7.07000       0.00000
      -7.06000       0.00000
      -7.05000       0.00000
      -7.04000       0.00000
      -7.03000       0.00000
      -7.02000       0.00000
      -7.01000       0.00000
      -7.00000       0.00000
      -6.99000       0.00000
      -6.98000       0.00000
      -6.97000       0.00000
      -6.96000       0.00000
      -6.95000       0.00000
      -6.94000       0.00000
      -6.93000       0.00000
      -6.92000       0.00000
      -6.91000       0.00000
      -6.90000       0.00000
      -6.89000       0.00000
      -6.88000       0.00000
      -6.87000       0.00000
      -6.86000       0.00000
      -6.85000       0.00000
      -6.84000       0.00000
      -6.83000       0.00000
      -6.82000       0.00000
      -6.81000       0.00000
      -6.80000       0.00000
      -6.79000       0.00000
      -6.78000       0.00000
      -6.77000       0.00000
      -6.76000       0.00000
      -6.75000       0.00000
      -6.74000       0.00000
      -6.73000       0.00000
      -6.72000       0.00000
      -6.71000       0.00000
      -6.70000       0.00000
      -6.69000       0.00000
      -6.68000       0.00000
      -6.67000       0.00000
      -6.66000       0.00000
      -6.65000       0.00000
      -6.64000       0.00000
      -6.63000       0.00000
      -6.62000       0.00000
      -6.61000       0.00000
      -6.60000       0.00000
      -6.59000       0.00000
      -6.58000       0.00000
      -6.57000       0.00000
      -6.56000       0.00000
      -6.55000       0.00000
      -6.54000       0.00000
      -6.53000       0.00000
      -6.52000       0.00000
      -6.51000       0.00000
      -6.50000       0.00000
      -6.49000       0.00000
      -6.48000       0.00000
      -6.47000       0.00000
      -6.46000       0.00000
      -6.45000       0.00000
      -6.44000       0.00000
      -6.43000       0.00000
      -6.42000       0.00000
      -6.41000       0.00000
      -6.40000       0.00000
      -6.39000       0.00000
      -6.38000       0.00000
      -6.37000       0.00000
      -6.36000       0.00000
      -6.35000       0.00000
      -6.34000       0.00000
      -6.33000       0.00000
      -6.32000       0.00000
      -6.31000       0.00000
      -6.30000       0.00000
      -6.29000       0.00000
      -6.28000       0.00000
      -6.27000       0.00000
      -6.26000       0.00000
      -6.25000       0.00000
      -6.24000       0.00000
      -6.23000       0.00000
      -6.22000       0.00000
      -6.21000       0.00000
      -6.20000       0.00000
      -6.19000       0.00000
      -6.18000       0.00000
      -6.17000       0.00000
      -6.16000       0.00000
      -6.15000       0.00000
      -6.14000       0.00000
      -6.13000       0.00000
      -6.12000       0.00000
      -6.11000       0.00000
      -6.10000       0.00001
      -6.09000       0.00003
      -6.08000       0.00009
      -6.07000       0.00028
      -6.06000       0.00080
      -6.05000       0.00213
      -6.04000       0.00523
      -6.03000       0.01191
      -6.02000       0.02511
      -6.01000       0.04903
      -6.00000       0.08876
      -5.99000       0.14920
      -5.98000       0.23340
      -5.97000       0.34020
      -5.96000       0.46360
      -5.95000       0.59260
      -5.94000       0.71320
      -5.93000       0.81180
      -5.92000       0.87820
      -5.91000       0.90850
      -5.90000       0.90640
      -5.89000       0.88390
      -5.88000       0.85930
      -5.87000       0.85480
      -5.86000       0.89000
      -5.85000       0.97620
      -5.84000       1.11100
      -5.83000       1.27500
      -5.82000       1.44100
      -5.81000       1.57600
      -5.80000       1.65800
      -5.79000       1.67500
      -5.78000       1.63700
      -5.77000       1.56600
      -5.76000       1.49200
      -5.75000       1.44000
      -5.74000       1.42600
      -5.73000       1.45300
      -5.72000       1.50300
      -5.71000       1.55300
      -5.70000       1.57800
      -5.69000       1.56200
      -5.68000       1.50800
      -5.67000       1.43900
      -5.66000       1.39000
      -5.65000       1.39900
      -5.64000       1.49400
      -5.63000       1.67900
      -5.62000       1.93300
      -5.61000       2.21000
      -5.60000       2.46000
      -5.59000       2.64000
      -5.58000       2.73000
      -5.57000       2.73600
      -5.56000       2.68600
      -5.55000       2.61900
      -5.54000       2.56900
      -5.53000       2.55800
      -5.52000       2.59500
      -5.51000       2.67200
      -5.50000       2.77100
      -5.49000       2.86300
      -5.48000       2.92000
      -5.47000       2.92300
      -5.46000       2.87100
      -5.45000       2.78500
      -5.44000       2.70100
      -5.43000       2.65700
      -5.42000       2.68200
      -5.41000       2.78500
      -5.40000       2.95400
      -5.39000       3.16600
      -5.38000       3.39400
      -5.37000       3.61800
      -5.36000       3.83000
      -5.35000       4.02700
      -5.34000       4.21000
      -5.33000       4.37700
      -5.32000       4.52100
      -5.31000       4.63100
      -5.30000       4.70500
      -5.29000       4.74100
      -5.28000       4.74600
      -5.27000       4.72700
      -5.26000       4.69000
      -5.25000       4.64100
      -5.24000       4.58300
      -5.23000       4.52400
      -5.22000       4.47300
      -5.21000       4.43900
      -5.20000       4.42400
      -5.19000       4.42500
      -5.18000       4.42800
      -5.17000       4.41000
      -5.16000       4.34700
      -5.15000       4.21900
      -5.14000       4.01800
      -5.13000       3.75000
      -5.12000       3.43600
      -5.11000       3.10600
      -5.10000       2.78900
      -5.09000       2.50800
      -5.08000       2.27100
      -5.07000       2.07700
      -5.06000       1.91600
      -5.05000       1.77800
      -5.04000       1.65900
      -5.03000       1.56000
      -5.02000       1.48900
      -5.01000       1.45300
      -5.00000       1.45900
      -4.99000       1.51200
      -4.98000       1.61700
      -4.97000       1.77400
      -4.96000       1.98100
      -4.95000       2.22100
      -4.94000       2.46300
      -4.93000       2.66200
      -4.92000       2.76700
      -4.91000       2.74000
      -4.90000       2.57200
      -4.89000       2.28700
      -4.88000       1.93600
      -4.87000       1.58100
      -4.86000       1.27400
      -4.85000       1.04200
      -4.84000       0.88880
      -4.83000       0.80140
      -4.82000       0.75950
      -4.81000       0.74550
      -4.80000       0.74850
      -4.79000       0.76220
      -4.78000       0.78360
      -4.77000       0.81050
      -4.76000       0.84210
      -4.75000       0.87880
      -4.74000       0.92080
      -4.73000       0.96570
      -4.72000       1.00700
      -4.71000       1.03400
      -4.70000       1.03700
      -4.69000       1.01000
      -4.68000       0.95630
      -4.67000       0.88440
      -4.66000       0.80600
      -4.65000       0.73180
      -4.64000       0.66940
      -4.63000       0.62280
      -4.62000       0.59410
      -4.61000       0.58460
      -4.60000       0.59460
      -4.59000       0.62360
      -4.58000       0.66960
      -4.57000       0.72890
      -4.56000       0.79580
      -4.55000       0.86250
      -4.54000       0.92010
      -4.53000       0.96110
      -4.52000       0.98210
      -4.51000       0.98500
      -4.50000       0.97630
      -4.49000       0.96280
      -4.48000       0.94830
      -4.47000       0.93080
      -4.46000       0.90450
      -4.45000       0.86300
      -4.44000       0.80420
      -4.43000       0.73280
      -4.42000       0.65990
      -4.41000       0.59960
      -4.40000       0.56400
      -4.39000       0.55820
      -4.38000       0.57880
      -4.37000       0.61410
      -4.36000       0.64880
      -4.35000       0.66900
      -4.34000       0.66770
      -4.33000       0.64840
      -4.32000       0.62580
      -4.31000       0.62370
      -4.30000       0.66990
      -4.29000       0.78960
      -4.28000       0.99800
      -4.27000       1.29400
      -4.26000       1.66000
      -4.25000       2.06100
      -4.24000       2.45600
      -4.23000       2.80500
      -4.22000       3.08000
      -4.21000       3.27000
      -4.20000       3.38600
      -4.19000       3.45200
      -4.18000       3.50600
      -4.17000       3.58800
      -4.16000       3.72900
      -4.15000       3.95100
      -4.14000       4.25300
      -4.13000       4.61800
      -4.12000       5.01600
      -4.11000       5.41100
      -4.10000       5.77600
      -4.09000       6.09300
      -4.08000       6.35700
      -4.07000       6.56800
      -4.06000       6.72000
      -4.05000       6.80100
      -4.04000       6.79600
      -4.03000       6.69300
      -4.02000       6.49300
      -4.01000       6.21100
      -4.00000       5.87400
      -3.99000       5.51100
      -3.98000       5.14100
      -3.97000       4.77500
      -3.96000       4.41600
      -3.95000       4.06900
      -3.94000       3.74200
      -3.93000       3.45400
      -3.92000       3.22900
      -3.91000       3.08200
      -3.90000       3.01400
      -3.89000       3.00300
      -3.88000       3.01000
      -3.87000       2.99100
      -3.86000       2.90800
      -3.85000       2.74400
      -3.84000       2.50600
      -3.83000       2.21800
      -3.82000       1.91700
      -3.81000       1.64000
      -3.80000       1.41600
      -3.79000       1.26300
      -3.78000       1.18500
      -3.77000       1.17200
      -3.76000       1.20300
      -3.75000       1.25100
      -3.74000       1.29000
      -3.73000       1.30100
      -3.72000       1.27700
      -3.71000       1.22600
      -3.70000       1.16700
      -3.69000       1.12700
      -3.68000       1.13000
      -3.67000       1.19100
      -3.66000       1.30700
      -3.65000       1.45500
      -3.64000       1.59900
      -3.63000       1.69600
      -3.62000       1.71400
      -3.61000       1.64400
      -3.60000       1.50300
      -3.59000       1.32700
      -3.58000       1.16700
      -3.57000       1.06800
      -3.56000       1.05900
      -3.55000       1.14900
      -3.54000       1.32300
      -3.53000       1.55200
      -3.52000       1.80300
      -3.51000       2.05100
      -3.50000       2.28100
      -3.49000       2.49400
      -3.48000       2.70000
      -3.47000       2.91600
      -3.46000       3.15700
      -3.45000       3.44200
      -3.44000       3.78400
      -3.43000       4.19700
      -3.42000       4.68200
      -3.41000       5.22900
      -3.40000       5.80900
      -3.39000       6.37900
      -3.38000       6.88000
      -3.37000       7.24800
      -3.36000       7.43000
      -3.35000       7.39300
      -3.34000       7.14500
      -3.33000       6.72800
      -3.32000       6.21800
      -3.31000       5.69100
      -3.30000       5.21100
      -3.29000       4.80500
      -3.28000       4.46900
      -3.27000       4.18200
      -3.26000       3.92000
      -3.25000       3.67300
      -3.24000       3.44300
      -3.23000       3.24000
      -3.22000       3.07100
      -3.21000       2.93600
      -3.20000       2.82800
      -3.19000       2.73800
      -3.18000       2.66700
      -3.17000       2.62100
      -3.16000       2.61500
      -3.15000       2.65800
      -3.14000       2.74900
      -3.13000       2.87200
      -3.12000       3.00000
      -3.11000       3.09900
      -3.10000       3.14200
      -3.09000       3.11300
      -3.08000       3.00800
      -3.07000       2.83900
      -3.06000       2.63000
      -3.05000       2.40600
      -3.04000       2.19000
      -3.03000       1.99900
      -3.02000       1.83700
      -3.01000       1.70100
      -3.00000       1.58100
      -2.99000       1.47000
      -2.98000       1.36600
      -2.97000       1.27300
      -2.96000       1.19700
      -2.95000       1.14700
      -2.94000       1.12700
      -2.93000       1.13500
      -2.92000       1.16700
      -2.91000       1.21900
      -2.90000       1.28800
      -2.89000       1.37300
      -2.88000       1.47500
      -2.87000       1.59200
      -2.86000       1.71800
      -2.85000       1.84300
      -2.84000       1.95400
      -2.83000       2.03600
      -2.82000       2.07800
      -2.81000       2.07000
      -2.80000       2.00900
      -2.79000       1.89700
      -2.78000       1.74400
      -2.77000       1.56900
      -2.76000       1.39500
      -2.75000       1.25300
      -2.74000       1.16800
      -2.73000       1.15400
      -2.72000       1.21200
      -2.71000       1.32300
      -2.70000       1.45900
      -2.69000       1.58500
      -2.68000       1.67200
      -2.67000       1.70300
      -2.66000       1.67700
      -2.65000       1.60600
      -2.64000       1.50700
      -2.63000       1.39700
      -2.62000       1.29200
      -2.61000       1.20100
      -2.60000       1.13200
      -2.59000       1.09400
      -2.58000       1.09800
      -2.57000       1.14700
      -2.56000       1.24100
      -2.55000       1.36700
      -2.54000       1.50700
      -2.53000       1.64500
      -2.52000       1.77400
      -2.51000       1.89800
      -2.50000       2.03600
      -2.49000       2.20300
      -2.48000       2.40600
      -2.47000       2.62900
      -2.46000       2.83600
      -2.45000       2.98000
      -2.44000       3.01900
      -2.43000       2.93600
      -2.42000       2.74500
      -2.41000       2.49000
      -2.40000       2.22500
      -2.39000       2.00000
      -2.38000       1.84400
      -2.37000       1.76600
      -2.36000       1.74900
      -2.35000       1.77100
      -2.34000       1.80400
      -2.33000       1.82800
      -2.32000       1.83500
      -2.31000       1.82300
      -2.30000       1.80100
      -2.29000       1.77900
      -2.28000       1.76800
      -2.27000       1.78100
      -2.26000       1.82700
      -2.25000       1.91400
      -2.24000       2.04900
      -2.23000       2.23200
      -2.22000       2.46000
      -2.21000       2.72200
      -2.20000       3.00400
      -2.19000       3.28300
      -2.18000       3.53600
      -2.17000       3.73800
      -2.16000       3.87400
      -2.15000       3.94100
      -2.14000       3.95600
      -2.13000       3.94600
      -2.12000       3.94200
      -2.11000       3.96900
      -2.10000       4.03900
      -2.09000       4.15000
      -2.08000       4.29400
      -2.07000       4.45700
      -2.06000       4.62900
      -2.05000       4.79600
      -2.04000       4.94200
      -2.03000       5.04800
      -2.02000       5.09300
      -2.01000       5.06100
      -2.00000       4.94600
      -1.99000       4.75700
      -1.98000       4.51500
      -1.97000       4.24500
      -1.96000       3.97700
      -1.95000       3.73200
      -1.94000       3.52900
      -1.93000       3.38100
      -1.92000       3.29900
      -1.91000       3.28600
      -1.90000       3.33300
      -1.89000       3.42000
      -1.88000       3.51800
      -1.87000       3.59200
      -1.86000       3.61800
      -1.85000       3.58700
      -1.84000       3.50800
      -1.83000       3.40300
      -1.82000       3.29600
      -1.81000       3.20100
      -1.80000       3.11700
      -1.79000       3.03400
      -1.78000       2.93400
      -1.77000       2.80400
      -1.76000       2.63900
      -1.75000       2.45000
      -1.74000       2.25700
      -1.73000       2.08900
      -1.72000       1.97100
      -1.71000       1.92500
      -1.70000       1.95900
      -1.69000       2.06400
      -1.68000       2.21700
      -1.67000       2.38000
      -1.66000       2.51100
      -1.65000       2.57300
      -1.64000       2.54600
      -1.63000       2.42900
      -1.62000       2.24600
      -1.61000       2.03500
      -1.60000       1.84200
      -1.59000       1.70800
      -1.58000       1.65400
      -1.57000       1.68400
      -1.56000       1.77600
      -1.55000       1.89700
      -1.54000       2.01000
      -1.53000       2.08700
      -1.52000       2.11300
      -1.51000       2.09000
      -1.50000       2.03200
      -1.49000       1.95600
      -1.48000       1.88200
      -1.47000       1.82100
      -1.46000       1.78400
      -1.45000       1.77600
      -1.44000       1.80100
      -1.43000       1.85900
      -1.42000       1.95000
      -1.41000       2.07000
      -1.40000       2.20700
      -1.39000       2.34700
      -1.38000       2.46900
      -1.37000       2.55800
      -1.36000       2.60100
      -1.35000       2.60200
      -1.34000       2.57500
      -1.33000       2.54200
      -1.32000       2.52800
      -1.31000       2.54600
      -1.30000       2.59800
      -1.29000       2.66900
      -1.28000       2.73500
      -1.27000       2.77300
      -1.26000       2.76800
      -1.25000       2.71900
      -1.24000       2.64000
      -1.23000       2.55200
      -1.22000       2.47400
      -1.21000       2.41900
      -1.20000       2.39000
      -1.19000       2.37700
      -1.18000       2.36900
      -1.17000       2.35500
      -1.16000       2.32600
      -1.15000       2.28000
      -1.14000       2.22000
      -1.13000       2.15100
      -1.12000       2.08200
      -1.11000       2.02100
      -1.10000       1.97500
      -1.09000       1.95400
      -1.08000       1.97200
      -1.07000       2.04500
      -1.06000       2.18800
      -1.05000       2.40800
      -1.04000       2.69800
      -1.03000       3.03400
      -1.02000       3.37900
      -1.01000       3.68800
      -1.00000       3.92000
      -0.99000       4.04100
      -0.98000       4.03800
      -0.97000       3.91500
      -0.96000       3.69700
      -0.95000       3.42200
      -0.94000       3.13400
      -0.93000       2.87300
      -0.92000       2.66600
      -0.91000       2.53000
      -0.90000       2.46500
      -0.89000       2.46400
      -0.88000       2.51500
      -0.87000       2.60500
      -0.86000       2.71900
      -0.85000       2.84500
      -0.84000       2.96900
      -0.83000       3.07400
      -0.82000       3.14600
      -0.81000       3.16700
      -0.80000       3.12500
      -0.79000       3.01400
      -0.78000       2.84200
      -0.77000       2.63100
      -0.76000       2.41500
      -0.75000       2.22600
      -0.74000       2.09000
      -0.73000       2.01500
      -0.72000       1.99100
      -0.71000       1.99600
      -0.70000       2.00500
      -0.69000       2.00100
      -0.68000       1.98400
      -0.67000       1.97200
      -0.66000       1.99000
      -0.65000       2.06200
      -0.64000       2.19700
      -0.63000       2.37700
      -0.62000       2.56400
      -0.61000       2.70500
      -0.60000       2.75500
      -0.59000       2.68700
      -0.58000       2.51000
      -0.57000       2.25800
      -0.56000       1.98200
      -0.55000       1.73000
      -0.54000       1.53600
      -0.53000       1.41200
      -0.52000       1.35100
      -0.51000       1.33500
      -0.50000       1.34400
      -0.49000       1.35900
      -0.48000       1.36700
      -0.47000       1.36400
      -0.46000       1.35100
      -0.45000       1.33700
      -0.44000       1.33400
      -0.43000       1.35100
      -0.42000       1.39000
      -0.41000       1.44700
      -0.40000       1.50800
      -0.39000       1.55300
      -0.38000       1.56700
      -0.37000       1.53700
      -0.36000       1.46800
      -0.35000       1.37200
      -0.34000       1.27300
      -0.33000       1.19000
      -0.32000       1.14100
      -0.31000       1.12800
      -0.30000       1.14400
      -0.29000       1.17400
      -0.28000       1.20400
      -0.27000       1.22000
      -0.26000       1.21400
      -0.25000       1.18200
      -0.24000       1.12400
      -0.23000       1.04000
      -0.22000       0.93220
      -0.21000       0.80530
      -0.20000       0.66660
      -0.19000       0.52550
      -0.18000       0.39260
      -0.17000       0.27660
      -0.16000       0.18310
      -0.15000       0.11360
      -0.14000       0.06579
      -0.13000       0.03555
      -0.12000       0.01789
      -0.11000       0.00837
      -0.10000       0.00364
      -0.09000       0.00147
      -0.08000       0.00055
      -0.07000       0.00019
      -0.06000       0.00006
      -0.05000       0.00002
      -0.04000       0.00001
      -0.03000       0.00000
      -0.02000       0.00000
      -0.01000       0.00000
      -0.00000       0.00000
       0.01000       0.00000
       0.02000       0.00000
       0.03000       0.00000
       0.04000       0.00000
       0.05000       0.00000
       0.06000       0.00000
       0.07000       0.00000
       0.08000       0.00000
       0.09000       0.00000
       0.10000       0.00000
       0.11000       0.00000
       0.12000       0.00000
       0.13000       0.00000
       0.14000       0.00000
       0.15000       0.00000
       0.16000       0.00000
       0.17000       0.00000
       0.18000       0.00000
       0.19000       0.00000
       0.20000       0.00000
       0.21000       0.00000
       0.22000       0.00000
       0.23000       0.00000
       0.24000       0.00000
       0.25000       0.00000
       0.26000       0.00000
       0.27000       0.00000
       0.28000       0.00000
       0.29000       0.00000
       0.30000       0.00000
       0.31000       0.00000
       0.32000       0.00000
       0.33000       0.00000
       0.34000       0.00000
       0.35000       0.00000
       0.36000       0.00000
       0.37000       0.00000
       0.38000       0.00000
       0.39000       0.00000
       0.40000       0.00000
       0.41000       0.00000
       0.42000       0.00000
       0.43000       0.00000
       0.44000       0.00000
       0.45000       0.00000
       0.46000       0.00000
       0.47000       0.00000
       0.48000       0.00000
       0.49000       0.00000
       0.50000       0.00000
       0.51000       0.00000
       0.52000       0.00000
       0.53000       0.00000
       0.54000       0.00000
       0.55000       0.00000
       0.56000       0.00000
       0.57000       0.00000
       0.58000       0.00000
       0.59000       0.00000
       0.60000       0.00000
       0.61000       0.00000
       0.62000       0.00000
       0.63000       0.00000
       0.64000       0.00000
       0.65000       0.00000
       0.66000       0.00000
       0.67000       0.00000
       0.68000       0.00000
       0.69000       0.00000
       0.70000       0.00000
       0.71000       0.00000
       0.72000       0.00000
       0.73000       0.00000
       0.74000       0.00000
       0.75000       0.00000
       0.76000       0.00000
       0.77000       0.00000
       0.78000       0.00000
       0.79000       0.00000
       0.80000       0.00000
       0.81000       0.00000
       0.82000       0.00000
       0.83000       0.00000
       0.84000       0.00000
       0.85000       0.00000
       0.86000       0.00000
       0.87000       0.00000
       0.88000       0.00000
       0.89000       0.00000
       0.90000       0.00000
       0.91000       0.00000
       0.92000       0.00000
       0.93000       0.00000
       0.94000       0.00000
       0.95000       0.00000
       0.96000       0.00000
       0.97000       0.00000
       0.98000       0.00000
       0.99000       0.00000
       1.00000       0.00000
       1.01000       0.00000
       1.02000       0.00000
       1.03000       0.00000
       1.04000       0.00000
       1.05000       0.00000
       1.06000       0.00000
       1.07000       0.00000
       1.08000       0.00000
       1.09000       0.00000
       1.10000       0.00000
       1.11000       0.00000
       1.12000       0.00000
       1.13000       0.00000
       1.14000       0.00000
       1.15000       0.00000
       1.16000       0.00000
       1.17000       0.00000
       1.18000       0.00000
       1.19000       0.00000
       1.20000       0.00000
       1.21000       0.00000
       1.22000       0.00000
       1.23000       0.00000
       1.24000       0.00000
       1.25000       0.00000
       1.26000       0.00000
       1.27000       0.00000
       1.28000       0.00000
       1.29000       0.00000
       1.30000       0.00000
       1.31000       0.00000
       1.32000       0.00001
       1.33000       0.00002
       1.34000       0.00006
       1.35000       0.00019
       1.36000       0.00052
       1.37000       0.00131
       1.38000       0.00304
       1.39000       0.00652
       1.40000       0.01292
       1.41000       0.02368
       1.42000       0.04012
       1.43000       0.06290
       1.44000       0.09137
       1.45000       0.12330
       1.46000       0.15540
       1.47000       0.18420
       1.48000       0.20800
       1.49000       0.22780
       1.50000       0.24720
       1.51000       0.27010
       1.52000       0.29900
       1.53000       0.33230
       1.54000       0.36460
       1.55000       0.38930
       1.56000       0.40180
       1.57000       0.40250
       1.58000       0.39750
       1.59000       0.39560
       1.60000       0.40480
       1.61000       0.42830
       1.62000       0.46390
       1.63000       0.50490
       1.64000       0.54330
       1.65000       0.57310
       1.66000       0.59240
       1.67000       0.60410
       1.68000       0.61650
       1.69000       0.64270
       1.70000       0.69870
       1.71000       0.79980
       1.72000       0.95470
       1.73000       1.16100
       1.74000       1.40400
       1.75000       1.66000
       1.76000       1.90500
       1.77000       2.12300
       1.78000       2.31200
       1.79000       2.48000
       1.80000       2.63800
       1.81000       2.79700
       1.82000       2.95900
       1.83000       3.11900
       1.84000       3.27400
       1.85000       3.41700
       1.86000       3.54900
       1.87000       3.67200
       1.88000       3.78500
       1.89000       3.89400
       1.90000       4.01200
       1.91000       4.16300
       1.92000       4.38200
       1.93000       4.70400
       1.94000       5.14900
       1.95000       5.71400
       1.96000       6.36000
       1.97000       7.02300
       1.98000       7.62400
       1.99000       8.08400
       2.00000       8.34300
       2.01000       8.36200
       2.02000       8.13100
       2.03000       7.66700
       2.04000       7.00500
       2.05000       6.20000
       2.06000       5.32000
       2.07000       4.44100
       2.08000       3.63400
       2.09000       2.95800
       2.10000       2.44700
       2.11000       2.10800
       2.12000       1.92500
       2.13000       1.86700
       2.14000       1.90100
       2.15000       2.00000
       2.16000       2.15100
       2.17000       2.35100
       2.18000       2.60300
       2.19000       2.90800
       2.20000       3.25800
       2.21000       3.63700
       2.22000       4.02300
       2.23000       4.39300
       2.24000       4.72600
       2.25000       5.01300
       2.26000       5.25300
       2.27000       5.45800
       2.28000       5.64700
       2.29000       5.83800
       2.30000       6.04200
       2.31000       6.25500
       2.32000       6.45400
       2.33000       6.60300
       2.34000       6.66100
       2.35000       6.59500
       2.36000       6.38900
       2.37000       6.05700
       2.38000       5.64000
       2.39000       5.20300
       2.40000       4.81500
       2.41000       4.53500
       2.42000       4.39500
       2.43000       4.38900
       2.44000       4.47500
       2.45000       4.59300
       2.46000       4.68100
       2.47000       4.69500
       2.48000       4.62400
       2.49000       4.48200
       2.50000       4.30200
       2.51000       4.11800
       2.52000       3.95800
       2.53000       3.83500
       2.54000       3.75700
       2.55000       3.72600
       2.56000       3.74400
       2.57000       3.80100
       2.58000       3.87700
       2.59000       3.93900
       2.60000       3.94700
       2.61000       3.87300
       2.62000       3.70800
       2.63000       3.46700
       2.64000       3.18600
       2.65000       2.90300
       2.66000       2.65100
       2.67000       2.45000
       2.68000       2.30900
       2.69000       2.22800
       2.70000       2.20700
       2.71000       2.24700
       2.72000       2.35000
       2.73000       2.51300
       2.74000       2.72500
       2.75000       2.95900
       2.76000       3.17600
       2.77000       3.32900
       2.78000       3.37500
       2.79000       3.28700
       2.80000       3.06600
       2.81000       2.74400
       2.82000       2.37700
       2.83000       2.03100
       2.84000       1.76800
       2.85000       1.62900
       2.86000       1.63200
       2.87000       1.77100
       2.88000       2.02800
       2.89000       2.38200
       2.90000       2.80900
       2.91000       3.27900
       2.92000       3.75000
       2.93000       4.16300
       2.94000       4.45300
       2.95000       4.56700
       2.96000       4.48400
       2.97000       4.22700
       2.98000       3.85500
       2.99000       3.45000
       3.00000       3.08300
       3.01000       2.80000
       3.02000       2.60700
       3.03000       2.48600
       3.04000       2.40300
       3.05000       2.33100
       3.06000       2.25700
       3.07000       2.18500
       3.08000       2.12700
       3.09000       2.09500
       3.10000       2.09400
       3.11000       2.11600
       3.12000       2.14200
       3.13000       2.15100
       3.14000       2.12700
       3.15000       2.06500
       3.16000       1.97600
       3.17000       1.87800
       3.18000       1.79000
       3.19000       1.72400
       3.20000       1.68200
       3.21000       1.65800
       3.22000       1.64500
       3.23000       1.64100
       3.24000       1.64900
       3.25000       1.67800
       3.26000       1.73400
       3.27000       1.82200
       3.28000       1.93300
       3.29000       2.05300
       3.30000       2.16500
       3.31000       2.25000
       3.32000       2.29700
       3.33000       2.30300
       3.34000       2.27400
       3.35000       2.21300
       3.36000       2.12200
       3.37000       1.99900
       3.38000       1.84200
       3.39000       1.66000
       3.40000       1.47000
       3.41000       1.29700
       3.42000       1.16300
       3.43000       1.07900
       3.44000       1.04400
       3.45000       1.04400
       3.46000       1.06300
       3.47000       1.08900
       3.48000       1.12100
       3.49000       1.16500
       3.50000       1.22500
       3.51000       1.30400
       3.52000       1.39300
       3.53000       1.47900
       3.54000       1.54600
       3.55000       1.58300
       3.56000       1.58900
       3.57000       1.56700
       3.58000       1.52700
       3.59000       1.47700
       3.60000       1.42900
       3.61000       1.39300
       3.62000       1.38500
       3.63000       1.42000
       3.64000       1.51000
       3.65000       1.65800
       3.66000       1.85300
       3.67000       2.06800
       3.68000       2.26700
       3.69000       2.40800
       3.70000       2.45600
       3.71000       2.39500
       3.72000       2.22700
       3.73000       1.97700
       3.74000       1.68300
       3.75000       1.38700
       3.76000       1.12600
       3.77000       0.92270
       3.78000       0.78340
       3.79000       0.70280
       3.80000       0.66810
       3.81000       0.66510
       3.82000       0.68340
       3.83000       0.71820
       3.84000       0.77020
       3.85000       0.84360
       3.86000       0.94320
       3.87000       1.07100
       3.88000       1.22300
       3.89000       1.39000
       3.90000       1.55800
       3.91000       1.71300
       3.92000       1.84700
       3.93000       1.96100
       3.94000       2.06800
       3.95000       2.18500
       3.96000       2.33000
       3.97000       2.51900
       3.98000       2.75700
       3.99000       3.03900
       4.00000       3.34700
       4.01000       3.65400
       4.02000       3.92200
       4.03000       4.11200
       4.04000       4.19300
       4.05000       4.15100
       4.06000       3.99200
       4.07000       3.74100
       4.08000       3.43900
       4.09000       3.12900
       4.10000       2.84600
       4.11000       2.61500
       4.12000       2.44300
       4.13000       2.32800
       4.14000       2.26300
       4.15000       2.24000
       4.16000       2.24700
       4.17000       2.27000
       4.18000       2.28800
       4.19000       2.27900
       4.20000       2.22000
       4.21000       2.10200
       4.22000       1.93000
       4.23000       1.73100
       4.24000       1.53900
       4.25000       1.39000
       4.26000       1.30400
       4.27000       1.28200
       4.28000       1.30300
       4.29000       1.33700
       4.30000       1.35600
       4.31000       1.34400
       4.32000       1.30000
       4.33000       1.23900
       4.34000       1.18100
       4.35000       1.14500
       4.36000       1.14300
       4.37000       1.17800
       4.38000       1.24000
       4.39000       1.31400
       4.40000       1.37800
       4.41000       1.41200
       4.42000       1.40200
       4.43000       1.34100
       4.44000       1.23400
       4.45000       1.09700
       4.46000       0.95050
       4.47000       0.81740
       4.48000       0.71620
       4.49000       0.65660
       4.50000       0.63750
       4.51000       0.64870
       4.52000       0.67530
       4.53000       0.70390
       4.54000       0.72670
       4.55000       0.74250
       4.56000       0.75400
       4.57000       0.76370
       4.58000       0.77050
       4.59000       0.76960
       4.60000       0.75480
       4.61000       0.72160
       4.62000       0.66930
       4.63000       0.60140
       4.64000       0.52400
       4.65000       0.44310
       4.66000       0.36380
       4.67000       0.28930
       4.68000       0.22180
       4.69000       0.16300
       4.70000       0.11390
       4.71000       0.07519
       4.72000       0.04664
       4.73000       0.02706
       4.74000       0.01462
       4.75000       0.00735
       4.76000       0.00342
       4.77000       0.00148
       4.78000       0.00059
       4.79000       0.00022
       4.80000       0.00007
       4.81000       0.00002
       4.82000       0.00001
       4.83000       0.00000
       4.84000       0.00000
       4.85000       0.00000
       4.86000       0.00000
       4.87000       0.00000
       4.88000       0.00000
       4.89000       0.00000
       4.90000       0.00000
       4.91000       0.00000
       4.92000       0.00000
       4.93000       0.00000
       4.94000       0.00001
       4.95000       0.00002
       4.96000       0.00007
       4.97000       0.00021
       4.98000       0.00057
       4.99000       0.00143
       5.00000       0.00330
       5.01000       0.00705
       5.02000       0.01392
       5.03000       0.02544
       5.04000       0.04308
       5.05000       0.06769
       5.06000       0.09892
       5.07000       0.13480
       5.08000       0.17220
       5.09000       0.20710
       5.10000       0.23600
       5.11000       0.25660
       5.12000       0.26790
       5.13000       0.26990
       5.14000       0.26340
       5.15000       0.24980
       5.16000       0.23220
       5.17000       0.21540
       5.18000       0.20600
       5.19000       0.21010
       5.20000       0.23200
       5.21000       0.27130
       5.22000       0.32250
       5.23000       0.37600
       5.24000       0.42090
       5.25000       0.44820
       5.26000       0.45320
       5.27000       0.43640
       5.28000       0.40290
       5.29000       0.36100
       5.30000       0.32010
       5.31000       0.28910
       5.32000       0.27460
       5.33000       0.27910
       5.34000       0.29980
       5.35000       0.32850
       5.36000       0.35380
       5.37000       0.36480
       5.38000       0.35480
       5.39000       0.32370
       5.40000       0.27830
       5.41000       0.23040
       5.42000       0.19250
       5.43000       0.17570
       5.44000       0.18670
       5.45000       0.22690
       5.46000       0.29250
       5.47000       0.37460
       5.48000       0.46120
       5.49000       0.53880
       5.50000       0.59530
       5.51000       0.62210
       5.52000       0.61630
       5.53000       0.58130
       5.54000       0.52570
       5.55000       0.46200
       5.56000       0.40300
       5.57000       0.35930
       5.58000       0.33690
       5.59000       0.33690
       5.60000       0.35630
       5.61000       0.39020
       5.62000       0.43290
       5.63000       0.47930
       5.64000       0.52550
       5.65000       0.56900
       5.66000       0.60840
       5.67000       0.64270
       5.68000       0.67060
       5.69000       0.69000
       5.70000       0.69860
       5.71000       0.69570
       5.72000       0.68340
       5.73000       0.66690
       5.74000       0.65300
       5.75000       0.64770
       5.76000       0.65450
       5.77000       0.67400
       5.78000       0.70510
       5.79000       0.74620
       5.80000       0.79540
       5.81000       0.85010
       5.82000       0.90660
       5.83000       0.95950
       5.84000       1.00200
       5.85000       1.02900
       5.86000       1.03300
       5.87000       1.01500
       5.88000       0.97410
       5.89000       0.91570
       5.90000       0.84620
       5.91000       0.77290
       5.92000       0.70430
       5.93000       0.64970
       5.94000       0.61980
       5.95000       0.62590
       5.96000       0.67780
       5.97000       0.78010
       5.98000       0.92920
       5.99000       1.11200
       6.00000       1.30500
       6.01000       1.48200
       6.02000       1.61400
       6.03000       1.68100
       6.04000       1.67600
       6.05000       1.60600
       6.06000       1.49200
       6.07000       1.35900
       6.08000       1.23400
       6.09000       1.14000
       6.10000       1.09000
       6.11000       1.08800
       6.12000       1.13200
       6.13000       1.20900
       6.14000       1.30000
       6.15000       1.38400
       6.16000       1.44100
       6.17000       1.45900
       6.18000       1.43600
       6.19000       1.38200
       6.20000       1.31100
       6.21000       1.24300
       6.22000       1.19400
       6.23000       1.18000
       6.24000       1.20800
       6.25000       1.28300
       6.26000       1.40200
       6.27000       1.55700
       6.28000       1.73600
       6.29000       1.91800
       6.30000       2.07900
       6.31000       2.19800
       6.32000       2.25700
       6.33000       2.25000
       6.34000       2.18100
       6.35000       2.06400
       6.36000       1.92000
       6.37000       1.77000
       6.38000       1.63400
       6.39000       1.52300
       6.40000       1.44400
       6.41000       1.39700
       6.42000       1.38300
       6.43000       1.40100
       6.44000       1.45000
       6.45000       1.52600
       6.46000       1.62300
       6.47000       1.73000
       6.48000       1.83100
       6.49000       1.91200
       6.50000       1.95600
       6.51000       1.95200
       6.52000       1.89800
       6.53000       1.79900
       6.54000       1.67100
       6.55000       1.53400
       6.56000       1.40700
       6.57000       1.30400
       6.58000       1.23200
       6.59000       1.19300
       6.60000       1.18000
       6.61000       1.18400
       6.62000       1.19300
       6.63000       1.19600
       6.64000       1.18700
       6.65000       1.16700
       6.66000       1.14700
       6.67000       1.14500
       6.68000       1.18100
       6.69000       1.27500
       6.70000       1.44000
       6.71000       1.67600
       6.72000       1.97300
       6.73000       2.30200
       6.74000       2.62900
       6.75000       2.91300
       6.76000       3.12200
       6.77000       3.23400
       6.78000       3.24500
       6.79000       3.16200
       6.80000       3.00200
       6.81000       2.78800
       6.82000       2.54100
       6.83000       2.28600
       6.84000       2.04400
       6.85000       1.83600
       6.86000       1.67500
       6.87000       1.57100
       6.88000       1.52400
       6.89000       1.52800
       6.90000       1.56800
       6.91000       1.62800
       6.92000       1.69300
       6.93000       1.75700
       6.94000       1.82400
       6.95000       1.90500
       6.96000       2.01100
       6.97000       2.14300
       6.98000       2.29200
       6.99000       2.43500
       7.00000       2.55100
       7.01000       2.62500
       7.02000       2.65100
       7.03000       2.63500
       7.04000       2.58800
       7.05000       2.51700
       7.06000       2.42500
       7.07000       2.31100
       7.08000       2.17500
       7.09000       2.01900
       7.10000       1.85800
       7.11000       1.71200
       7.12000       1.60600
       7.13000       1.55800
       7.14000       1.57900
       7.15000       1.66400
       7.16000       1.79300
       7.17000       1.93500
       7.18000       2.06400
       7.19000       2.16000
       7.20000       2.22000
       7.21000       2.25500
       7.22000       2.28700
       7.23000       2.33100
       7.24000       2.39500
       7.25000       2.47400
       7.26000       2.55200
       7.27000       2.61100
       7.28000       2.63600
       7.29000       2.62000
       7.30000       2.56600
       7.31000       2.48100
       7.32000       2.37100
       7.33000       2.23800
       7.34000       2.08200
       7.35000       1.89800
       7.36000       1.69200
       7.37000       1.47600
       7.38000       1.27500
       7.39000       1.12100
       7.40000       1.03800
       7.41000       1.04000
       7.42000       1.12400
       7.43000       1.27100
       7.44000       1.45100
       7.45000       1.63700
       7.46000       1.80400
       7.47000       1.93700
       7.48000       2.03100
       7.49000       2.08900
       7.50000       2.11800
       7.51000       2.12700
       7.52000       2.12200
       7.53000       2.10900
       7.54000       2.09300
       7.55000       2.07800
       7.56000       2.06800
       7.57000       2.06700
       7.58000       2.07700
       7.59000       2.09400
       7.60000       2.11600
       7.61000       2.13800
       7.62000       2.16100
       7.63000       2.19600
       7.64000       2.26000
       7.65000       2.37100
       7.66000       2.54200
       7.67000       2.77300
       7.68000       3.04300
       7.69000       3.31400
       7.70000       3.54300
       7.71000       3.68900
       7.72000       3.73300
       7.73000       3.67800
       7.74000       3.54900
       7.75000       3.38100
       7.76000       3.20600
       7.77000       3.04500
       7.78000       2.89900
       7.79000       2.75700
       7.80000       2.60300
       7.81000       2.42300
       7.82000       2.21500
       7.83000       1.99600
       7.84000       1.79200
       7.85000       1.64000
       7.86000       1.57600
       7.87000       1.62500
       7.88000       1.79300
       7.89000       2.06800
       7.90000       2.41800
       7.91000       2.79800
       7.92000       3.16100
       7.93000       3.46600
       7.94000       3.68500
       7.95000       3.80900
       7.96000       3.84300
       7.97000       3.80400
       7.98000       3.71400
       7.99000       3.59100
       8.00000       3.45100
       8.01000       3.31100
       8.02000       3.18500
       8.03000       3.09100
       8.04000       3.04600
       8.05000       3.06100
       8.06000       3.13100
       8.07000       3.23700
       8.08000       3.34000
       8.09000       3.39600
       8.10000       3.36500
       8.11000       3.22800
       8.12000       2.99000
       8.13000       2.68300
       8.14000       2.35500
       8.15000       2.06100
       8.16000       1.85300
       8.17000       1.76800
       8.18000       1.82100
       8.19000       2.01000
       8.20000       2.30400
       8.21000       2.65100
       8.22000       2.98500
       8.23000       3.23900
       8.24000       3.36000
       8.25000       3.32400
       8.26000       3.14600
       8.27000       2.86800
       8.28000       2.54900
       8.29000       2.24600
       8.30000       2.00300
       8.31000       1.84600
       8.32000       1.78900
       8.33000       1.83900
       8.34000       2.00100
       8.35000       2.27100
       8.36000       2.63200
       8.37000       3.04900
       8.38000       3.46800
       8.39000       3.82200
       8.40000       4.05500
       8.41000       4.13100
       8.42000       4.04900
       8.43000       3.83900
       8.44000       3.55300
       8.45000       3.24400
       8.46000       2.95500
       8.47000       2.71200
       8.48000       2.52400
       8.49000       2.38900
       8.50000       2.30400
       8.51000       2.26900
       8.52000       2.28700
       8.53000       2.36100
       8.54000       2.49200
       8.55000       2.66900
       8.56000       2.87200
       8.57000       3.07000
       8.58000       3.23300
       8.59000       3.34200
       8.60000       3.39300
       8.61000       3.40400
       8.62000       3.39900
       8.63000       3.40500
       8.64000       3.43100
       8.65000       3.47100
       8.66000       3.50300
       8.67000       3.50800
       8.68000       3.47900
       8.69000       3.43100
       8.70000       3.39500
       8.71000       3.41100
       8.72000       3.50500
       8.73000       3.68400
       8.74000       3.92400
       8.75000       4.18000
       8.76000       4.39300
       8.77000       4.51800
       8.78000       4.52700
       8.79000       4.42800
       8.80000       4.25200
       8.81000       4.04700
       8.82000       3.85800
       8.83000       3.71900
       8.84000       3.64200
       8.85000       3.61800
       8.86000       3.62400
       8.87000       3.62900
       8.88000       3.60400
       8.89000       3.52600
       8.90000       3.38900
       8.91000       3.19700
       8.92000       2.97100
       8.93000       2.73700
       8.94000       2.51900
       8.95000       2.33700
       8.96000       2.20400
       8.97000       2.12000
       8.98000       2.08000
       8.99000       2.07000
       9.00000       2.07700
       9.01000       2.08600
       9.02000       2.08900
       9.03000       2.08300
       9.04000       2.07200
       9.05000       2.06200
       9.06000       2.05900
       9.07000       2.06600
       9.08000       2.08800
       9.09000       2.12700
       9.10000       2.18600
       9.11000       2.26300
       9.12000       2.35800
       9.13000       2.46700
       9.14000       2.58600
       9.15000       2.71500
       9.16000       2.85400
       9.17000       3.00000
       9.18000       3.14600
       9.19000       3.27700
       9.20000       3.37100
       9.21000       3.41400
       9.22000       3.39900
       9.23000       3.33400
       9.24000       3.24100
       9.25000       3.14900
       9.26000       3.09400
       9.27000       3.10600
       9.28000       3.20600
       9.29000       3.39600
       9.30000       3.65400
       9.31000       3.93700
       9.32000       4.18800
       9.33000       4.35600
       9.34000       4.41100
       9.35000       4.35200
       9.36000       4.21400
       9.37000       4.04700
       9.38000       3.91000
       9.39000       3.85300
       9.40000       3.90400
       9.41000       4.07000
       9.42000       4.32800
       9.43000       4.63500
       9.44000       4.92900
       9.45000       5.14700
       9.46000       5.23600
       9.47000       5.16900
       9.48000       4.94700
       9.49000       4.59800
       9.50000       4.16700
       9.51000       3.71200
       9.52000       3.29700
       9.53000       2.98200
